-1 1 1
-1 2 1
-1 16386 1
-1 5 1
-1 6 1
-1 7 1
-1 8 1
-1 9 1
-1 16394 1
-1 16389 1
-1 12 1
-1 10 1
-1 16396 1
-1 16398 1
-1 16 1
-1 18 1
-1 19 1
-1 16404 1
-1 16405 1
-1 22 1
-1 16406 1
-1 16408 1
-1 21 1
-1 26 1
-1 27 1
-1 28 1
-1 16413 1
-1 30 1
-1 32 1
-1 16418 1
-1 16419 1
-1 34 1
-1 16421 1
-1 36 1
-1 39 1
-1 40 1
-1 16424 1
-1 41 1
-1 16427 1
-1 43 1
-1 16428 1
-1 46 1
-1 51 1
-1 52 1
-1 53 1
-1 54 1
-1 55 1
-1 56 1
-1 16439 1
-1 59 1
-1 60 1
-1 61 1
-1 16444 1
-1 62 1
-1 63 1
-1 64 1
-1 66 1
-1 67 1
-1 68 1
-1 69 1
-1 70 1
-1 65 1
-1 72 1
-1 73 1
-1 74 1
-1 75 1
-1 77 1
-1 78 1
-1 16462 1
-1 80 1
-1 16466 1
-1 82 1
-1 84 1
-1 16470 1
-1 87 1
-1 16472 1
-1 89 1
-1 86 1
-1 91 1
-1 16475 1
-1 16477 1
-1 16478 1
-1 95 1
-1 90 1
-1 16481 1
-1 98 1
-1 16484 1
-1 101 1
-1 20 1
-1 16487 1
-1 16488 1
-1 105 1
-1 103 1
-1 107 1
-1 108 1
-1 104 1
-1 16492 1
-1 111 1
-1 16495 1
-1 113 1
-1 114 1
-1 115 1
-1 116 1
-1 117 1
-1 118 1
-1 119 1
-1 120 1
-1 121 1
-1 122 1
-1 123 1
-1 124 1
-1 125 1
-1 126 1
-1 127 1
-1 128 1
-1 129 1
-1 130 1
-1 131 1
-1 132 1
-1 133 1
-1 134 1
-1 135 1
-1 136 1
-1 137 1
-1 138 1
-1 139 1
-1 140 1
-1 141 1
-1 142 1
-1 143 1
-1 144 1
-1 145 1
-1 146 1
-1 147 1
-1 148 1
-1 149 1
-1 150 1
-1 151 1
-1 152 1
-1 153 1
-1 154 1
-1 155 1
-1 156 1
-1 157 1
-1 158 1
-1 159 1
-1 160 1
-1 161 1
-1 162 1
-1 163 1
-1 164 1
-1 165 1
-1 166 1
-1 167 1
-1 168 1
-1 169 1
-1 170 1
-1 171 1
-1 172 1
-1 173 1
-1 174 1
-1 175 1
-1 176 1
-1 177 1
-1 178 1
-1 179 1
-1 180 1
-1 181 1
-1 182 1
-1 183 1
-1 184 1
-1 185 1
-1 186 1
-1 187 1
-1 188 1
-1 189 1
-1 190 1
-1 191 1
-1 192 1
-1 193 1
-1 194 1
-1 195 1
-1 196 1
-1 197 1
-1 198 1
-1 199 1
-1 200 1
-1 201 1
-1 202 1
-1 203 1
-1 204 1
-1 205 1
-1 206 1
-1 207 1
-1 208 1
-1 209 1
-1 210 1
-1 211 1
-1 212 1
-1 213 1
-1 214 1
-1 215 1
-1 216 1
-1 217 1
-1 218 1
-1 219 1
-1 220 1
-1 221 1
-1 222 1
-1 223 1
-1 224 1
-1 225 1
-1 226 1
-1 227 1
-1 228 1
-1 229 1
-1 230 1
-1 231 1
-1 232 1
-1 233 1
-1 234 1
-1 235 1
-1 236 1
-1 237 1
-1 238 1
-1 239 1
-1 240 1
-1 241 1
-1 242 1
-1 243 1
-1 244 1
-1 245 1
-1 246 1
-1 247 1
-1 248 1
-1 249 1
-1 250 1
-1 251 1
-1 252 1
-1 253 1
-1 254 1
-1 255 1
-1 256 1
-1 257 1
-1 258 1
-1 259 1
-1 260 1
-1 261 1
-1 262 1
-1 263 1
-1 264 1
-1 265 1
-1 266 1
-1 267 1
-1 268 1
-1 269 1
-1 270 1
-1 271 1
-1 272 1
-1 273 1
-1 274 1
-1 275 1
-1 276 1
-1 277 1
-1 278 1
-1 279 1
-1 280 1
-1 281 1
-1 282 1
-1 283 1
-1 284 1
-1 285 1
-1 286 1
-1 287 1
-1 288 1
-1 289 1
-1 290 1
-1 291 1
-1 292 1
-1 293 1
-1 294 1
-1 295 1
-1 296 1
-1 297 1
-1 298 1
-1 299 1
-1 300 1
-1 301 1
-1 302 1
-1 303 1
-1 304 1
-1 305 1
-1 306 1
-1 307 1
-1 308 1
-1 309 1
-1 310 1
-1 311 1
-1 312 1
-1 313 1
-1 314 1
-1 315 1
-1 316 1
-1 317 1
-1 318 1
-1 319 1
-1 320 1
-1 321 1
-1 322 1
-1 323 1
-1 324 1
-1 325 1
-1 326 1
-1 327 1
-1 328 1
-1 329 1
-1 330 1
-1 331 1
-1 332 1
-1 333 1
-1 334 1
-1 335 1
-1 336 1
-1 337 1
-1 338 1
-1 339 1
-1 340 1
-1 341 1
-1 342 1
-1 343 1
-1 344 1
-1 345 1
-1 346 1
-1 347 1
-1 348 1
-1 349 1
-1 350 1
-1 351 1
-1 352 1
-1 353 1
-1 354 1
-1 355 1
-1 356 1
-1 357 1
-1 358 1
-1 359 1
-1 360 1
-1 361 1
-1 362 1
-1 363 1
-1 364 1
-1 365 1
-1 366 1
-1 367 1
-1 368 1
-1 369 1
-1 370 1
-1 371 1
-1 372 1
-1 373 1
-1 374 1
-1 375 1
-1 376 1
-1 377 1
-1 378 1
-1 379 1
-1 380 1
-1 381 1
-1 382 1
-1 383 1
-1 384 1
-1 385 1
-1 386 1
-1 16766 1
-1 388 1
-1 392 1
-1 395 1
-1 398 1
-1 401 1
-1 16785 1
-1 403 1
-1 402 1
-1 404 1
-1 407 1
-1 411 1
-1 16796 1
-1 413 1
-1 414 1
-1 16803 1
-1 420 1
-1 421 1
-1 422 1
-1 423 1
-1 16804 1
-1 16809 1
-1 16805 1
-1 16811 1
-1 427 1
-1 26137 1
-1 431 1
-1 16817 1
-1 434 1
-1 16819 1
-1 436 1
-1 16818 1
-1 26138 1
-1 435 1
-1 16824 1
-1 16821 1
-1 16826 1
-1 443 1
-1 16828 1
-1 16830 1
-1 446 1
-1 16832 1
-1 449 1
-1 451 1
-1 16839 1
-1 457 1
-1 458 1
-1 460 1
-1 462 1
-1 16847 1
-1 463 1
-1 465 1
-1 16851 1
-1 468 1
-1 469 1
-1 470 1
-1 471 1
-1 472 1
-1 16857 1
-1 473 1
-1 474 1
-1 476 1
-1 477 1
-1 16856 1
-1 16859 1
-1 16863 1
-1 481 1
-1 26146 1
-1 483 1
-1 482 1
-1 485 1
-1 16378 1
-1 487 1
-1 488 1
-1 490 1
-1 491 1
-1 495 1
-1 502 1
-1 503 1
-1 504 1
-1 505 1
-1 506 1
-1 507 1
-1 508 1
-1 509 1
-1 510 1
-1 511 1
-1 512 1
-1 513 1
-1 514 1
-1 515 1
-1 516 1
-1 517 1
-1 518 1
-1 519 1
-1 520 1
-1 521 1
-1 522 1
-1 523 1
-1 524 1
-1 525 1
-1 526 1
-1 527 1
-1 528 1
-1 529 1
-1 530 1
-1 531 1
-1 532 1
-1 533 1
-1 106 1
-1 537 1
-1 16924 1
-1 16925 1
-1 542 1
-1 16926 1
-1 16927 1
-1 16929 1
-1 16930 1
-1 16928 1
-1 16931 1
-1 549 1
-1 550 1
-1 16934 1
-1 552 1
-1 553 1
-1 554 1
-1 555 1
-1 556 1
-1 557 1
-1 558 1
-1 559 1
-1 560 1
-1 561 1
-1 562 1
-1 565 1
-1 566 1
-1 568 1
-1 569 1
-1 570 1
-1 571 1
-1 572 1
-1 573 1
-1 574 1
-1 577 1
-1 578 1
-1 579 1
-1 580 1
-1 581 1
-1 582 1
-1 584 1
-1 585 1
-1 586 1
-1 589 1
-1 590 1
-1 591 1
-1 596 1
-1 598 1
-1 16985 1
-1 16987 1
-1 16988 1
-1 608 1
-1 609 1
-1 611 1
-1 16996 1
-1 16998 1
-1 16999 1
-1 17000 1
-1 615 1
-1 622 1
-1 623 1
-1 625 1
-1 627 1
-1 629 1
-1 630 1
-1 632 1
-1 17019 1
-1 17021 1
-1 638 1
-1 637 1
-1 17024 1
-1 641 1
-1 642 1
-1 640 1
-1 644 1
-1 650 1
-1 651 1
-1 17037 1
-1 654 1
-1 655 1
-1 656 1
-1 657 1
-1 658 1
-1 659 1
-1 660 1
-1 661 1
-1 662 1
-1 663 1
-1 664 1
-1 665 1
-1 666 1
-1 667 1
-1 668 1
-1 669 1
-1 670 1
-1 671 1
-1 672 1
-1 673 1
-1 674 1
-1 675 1
-1 676 1
-1 17052 1
-1 17053 1
-1 17054 1
-1 17055 1
-1 17056 1
-1 17057 1
-1 683 1
-1 684 1
-1 17069 1
-1 17068 1
-1 686 1
-1 17072 1
-1 689 1
-1 17074 1
-1 17075 1
-1 692 1
-1 17076 1
-1 694 1
-1 17077 1
-1 17078 1
-1 17079 1
-1 17080 1
-1 17081 1
-1 17082 1
-1 696 1
-1 17085 1
-1 703 1
-1 17088 1
-1 17089 1
-1 17090 1
-1 17091 1
-1 17092 1
-1 17093 1
-1 704 1
-1 17095 1
-1 17096 1
-1 711 1
-1 709 1
-1 716 1
-1 718 1
-1 17106 1
-1 17107 1
-1 17108 1
-1 17109 1
-1 17110 1
-1 727 1
-1 728 1
-1 729 1
-1 730 1
-1 731 1
-1 732 1
-1 17111 1
-1 734 1
-1 733 1
-1 17121 1
-1 738 1
-1 739 1
-1 740 1
-1 741 1
-1 17126 1
-1 743 1
-1 744 1
-1 747 1
-1 751 1
-1 752 1
-1 17135 1
-1 754 1
-1 757 1
-1 761 1
-1 766 1
-1 768 1
-1 774 1
-1 775 1
-1 776 1
-1 777 1
-1 782 1
-1 784 1
-1 17171 1
-1 17172 1
-1 787 1
-1 790 1
-1 792 1
-1 794 1
-1 796 1
-1 17180 1
-1 797 1
-1 17184 1
-1 801 1
-1 803 1
-1 17187 1
-1 17189 1
-1 17190 1
-1 17191 1
-1 17192 1
-1 808 1
-1 805 1
-1 812 1
-1 813 1
-1 816 1
-1 817 1
-1 820 1
-1 821 1
-1 822 1
-1 823 1
-1 824 1
-1 829 1
-1 830 1
-1 832 1
-1 833 1
-1 834 1
-1 837 1
-1 838 1
-1 840 1
-1 841 1
-1 842 1
-1 843 1
-1 17230 1
-1 849 1
-1 17234 1
-1 17235 1
-1 851 1
-1 853 1
-1 854 1
-1 852 1
-1 856 1
-1 17236 1
-1 17237 1
-1 859 1
-1 855 1
-1 861 1
-1 17244 1
-1 863 1
-1 864 1
-1 17245 1
-1 866 1
-1 17246 1
-1 868 1
-1 869 1
-1 17247 1
-1 17248 1
-1 17251 1
-1 17252 1
-1 874 1
-1 17253 1
-1 878 1
-1 879 1
-1 883 1
-1 884 1
-1 885 1
-1 886 1
-1 891 1
-1 892 1
-1 893 1
-1 896 1
-1 897 1
-1 902 1
-1 904 1
-1 906 1
-1 907 1
-1 908 1
-1 910 1
-1 912 1
-1 913 1
-1 914 1
-1 917 1
-1 918 1
-1 920 1
-1 928 1
-1 933 1
-1 936 1
-1 937 1
-1 938 1
-1 939 1
-1 940 1
-1 941 1
-1 950 1
-1 959 1
-1 965 1
-1 968 1
-1 969 1
-1 971 1
-1 973 1
-1 975 1
-1 980 1
-1 982 1
-1 984 1
-1 985 1
-1 986 1
-1 989 1
-1 990 1
-1 17375 1
-1 992 1
-1 17378 1
-1 1000 1
-1 1002 1
-1 17387 1
-1 17386 1
-1 1007 1
-1 17393 1
-1 17394 1
-1 1012 1
-1 1015 1
-1 1018 1
-1 1019 1
-1 17403 1
-1 17405 1
-1 1023 1
-1 17408 1
-1 1025 1
-1 1026 1
-1 17413 1
-1 1030 1
-1 1031 1
-1 1032 1
-1 1034 1
-1 1035 1
-1 1038 1
-1 17423 1
-1 1040 1
-1 17426 1
-1 17427 1
-1 1044 1
-1 1045 1
-1 1048 1
-1 17439 1
-1 1055 1
-1 17446 1
-1 1077 1
-1 17465 1
-1 17469 1
-1 17477 1
-1 17478 1
-1 16501 1
-1 1109 1
-1 1112 1
-1 1115 1
-1 1119 1
-1 1120 1
-1 1122 1
-1 1123 1
-1 1127 1
-1 1135 1
-1 1140 1
-1 1143 1
-1 1145 1
-1 17530 1
-1 1148 1
-1 16511 1
-1 1151 1
-1 17536 1
-1 1154 1
-1 17537 1
-1 1156 1
-1 1161 1
-1 1163 1
-1 1164 1
-1 17549 1
-1 1166 1
-1 1167 1
-1 1169 1
-1 1171 1
-1 1175 1
-1 17559 1
-1 1177 1
-1 1178 1
-1 1180 1
-1 1182 1
-1 1183 1
-1 17570 1
-1 17573 1
-1 17574 1
-1 17575 1
-1 17576 1
-1 17577 1
-1 1194 1
-1 17578 1
-1 1196 1
-1 1197 1
-1 17579 1
-1 17583 1
-1 17580 1
-1 17581 1
-1 17582 1
-1 17587 1
-1 1204 1
-1 17589 1
-1 1205 1
-1 1207 1
-1 17592 1
-1 17593 1
-1 1210 1
-1 17595 1
-1 1212 1
-1 1214 1
-1 17598 1
-1 1216 1
-1 1217 1
-1 17600 1
-1 17599 1
-1 1220 1
-1 1221 1
-1 17610 1
-1 1226 1
-1 1228 1
-1 1229 1
-1 1234 1
-1 17618 1
-1 1237 1
-1 1238 1
-1 17626 1
-1 1243 1
-1 17628 1
-1 16530 1
-1 16531 1
-1 17641 1
-1 1257 1
-1 16532 1
-1 1262 1
-1 1264 1
-1 1265 1
-1 1267 1
-1 16534 1
-1 1268 1
-1 1270 1
-1 1272 1
-1 1273 1
-1 1275 1
-1 1279 1
-1 1282 1
-1 1283 1
-1 1284 1
-1 1285 1
-1 1286 1
-1 1287 1
-1 17672 1
-1 1289 1
-1 1290 1
-1 1291 1
-1 1292 1
-1 1295 1
-1 1296 1
-1 1297 1
-1 1302 1
-1 17687 1
-1 1303 1
-1 1304 1
-1 1306 1
-1 1308 1
-1 1309 1
-1 1310 1
-1 1311 1
-1 1312 1
-1 1313 1
-1 17695 1
-1 1317 1
-1 1320 1
-1 1324 1
-1 1325 1
-1 1326 1
-1 1327 1
-1 1330 1
-1 1332 1
-1 1337 1
-1 1342 1
-1 1343 1
-1 1344 1
-1 1345 1
-1 1364 1
-1 1366 1
-1 17751 1
-1 1377 1
-1 17761 1
-1 1379 1
-1 1378 1
-1 1381 1
-1 17765 1
-1 1384 1
-1 1391 1
-1 1394 1
-1 17781 1
-1 17789 1
-1 17790 1
-1 1411 1
-1 1412 1
-1 1415 1
-1 1421 1
-1 1422 1
-1 17807 1
-1 1423 1
-1 1425 1
-1 17812 1
-1 1429 1
-1 1430 1
-1 1431 1
-1 17818 1
-1 1438 1
-1 1440 1
-1 1441 1
-1 1443 1
-1 1444 1
-1 17831 1
-1 17832 1
-1 1451 1
-1 1452 1
-1 1453 1
-1 1455 1
-1 1456 1
-1 1457 1
-1 1458 1
-1 17844 1
-1 17845 1
-1 17847 1
-1 1463 1
-1 17858 1
-1 1475 1
-1 17863 1
-1 17864 1
-1 1479 1
-1 1480 1
-1 17866 1
-1 17868 1
-1 17870 1
-1 17871 1
-1 1493 1
-1 1495 1
-1 1496 1
-1 1497 1
-1 1498 1
-1 1500 1
-1 1507 1
-1 1509 1
-1 17894 1
-1 1511 1
-1 1512 1
-1 17896 1
-1 1521 1
-1 1523 1
-1 1526 1
-1 1527 1
-1 1528 1
-1 17913 1
-1 1529 1
-1 1531 1
-1 1530 1
-1 17917 1
-1 17918 1
-1 1536 1
-1 1537 1
-1 1538 1
-1 1540 1
-1 17926 1
-1 17927 1
-1 17928 1
-1 17929 1
-1 1546 1
-1 17931 1
-1 1547 1
-1 1543 1
-1 1548 1
-1 1549 1
-1 1553 1
-1 1555 1
-1 17940 1
-1 17941 1
-1 17942 1
-1 1558 1
-1 17944 1
-1 1560 1
-1 1561 1
-1 1559 1
-1 1562 1
-1 1564 1
-1 17950 1
-1 1566 1
-1 1565 1
-1 1567 1
-1 1569 1
-1 17956 1
-1 1575 1
-1 1576 1
-1 1580 1
-1 1586 1
-1 1593 1
-1 1595 1
-1 1597 1
-1 1600 1
-1 1603 1
-1 1604 1
-1 17993 1
-1 1611 1
-1 17997 1
-1 1614 1
-1 1615 1
-1 1618 1
-1 1619 1
-1 1624 1
-1 1625 1
-1 1627 1
-1 1630 1
-1 1631 1
-1 18014 1
-1 1635 1
-1 1637 1
-1 1639 1
-1 1640 1
-1 18025 1
-1 18026 1
-1 18027 1
-1 18028 1
-1 1644 1
-1 18030 1
-1 1650 1
-1 1652 1
-1 1653 1
-1 1654 1
-1 1655 1
-1 1658 1
-1 1659 1
-1 1660 1
-1 18045 1
-1 1662 1
-1 1664 1
-1 1666 1
-1 1667 1
-1 1668 1
-1 1669 1
-1 1670 1
-1 1671 1
-1 1672 1
-1 1673 1
-1 1674 1
-1 1675 1
-1 1676 1
-1 18059 1
-1 1678 1
-1 18064 1
-1 1681 1
-1 18066 1
-1 18084 1
-1 1707 1
-1 1708 1
-1 1711 1
-1 1715 1
-1 1725 1
-1 1727 1
-1 1728 1
-1 1729 1
-1 1730 1
-1 1731 1
-1 1732 1
-1 1733 1
-1 1736 1
-1 1737 1
-1 18122 1
-1 1739 1
-1 1740 1
-1 1738 1
-1 1742 1
-1 1743 1
-1 1747 1
-1 1749 1
-1 1757 1
-1 1758 1
-1 18144 1
-1 18145 1
-1 1772 1
-1 1773 1
-1 18158 1
-1 1776 1
-1 1779 1
-1 1780 1
-1 18169 1
-1 18172 1
-1 1791 1
-1 18177 1
-1 1805 1
-1 1808 1
-1 18197 1
-1 18200 1
-1 16644 1
-1 1822 1
-1 1828 1
-1 1829 1
-1 18213 1
-1 18214 1
-1 18222 1
-1 1839 1
-1 18223 1
-1 18224 1
-1 18225 1
-1 1849 1
-1 18238 1
-1 1855 1
-1 1856 1
-1 1860 1
-1 18246 1
-1 1863 1
-1 1866 1
-1 1867 1
-1 18253 1
-1 1870 1
-1 1872 1
-1 18263 1
-1 1881 1
-1 18265 1
-1 1884 1
-1 1886 1
-1 1889 1
-1 1890 1
-1 18275 1
-1 1893 1
-1 18280 1
-1 18281 1
-1 18282 1
-1 1897 1
-1 1900 1
-1 1898 1
-1 26126 1
-1 18284 1
-1 1896 1
-1 1899 1
-1 1906 1
-1 1901 1
-1 1902 1
-1 1909 1
-1 1903 1
-1 1904 1
-1 1907 1
-1 1917 1
-1 1919 1
-1 1920 1
-1 18304 1
-1 18305 1
-1 18306 1
-1 18307 1
-1 18308 1
-1 18309 1
-1 18310 1
-1 18311 1
-1 1923 1
-1 1925 1
-1 1926 1
-1 1932 1
-1 1927 1
-1 18316 1
-1 1935 1
-1 18319 1
-1 18320 1
-1 1939 1
-1 18324 1
-1 18323 1
-1 18328 1
-1 18330 1
-1 18336 1
-1 18337 1
-1 1955 1
-1 18341 1
-1 1959 1
-1 18344 1
-1 1961 1
-1 1960 1
-1 1971 1
-1 1974 1
-1 1975 1
-1 1976 1
-1 1978 1
-1 1980 1
-1 1983 1
-1 1986 1
-1 1992 1
-1 1993 1
-1 1994 1
-1 1995 1
-1 1999 1
-1 2000 1
-1 18386 1
-1 2002 1
-1 2004 1
-1 2005 1
-1 2006 1
-1 2013 1
-1 2015 1
-1 2016 1
-1 18401 1
-1 18402 1
-1 18405 1
-1 2022 1
-1 2025 1
-1 2027 1
-1 2028 1
-1 18413 1
-1 18414 1
-1 2030 1
-1 2029 1
-1 18415 1
-1 2034 1
-1 2035 1
-1 18422 1
-1 2040 1
-1 2045 1
-1 2046 1
-1 2047 1
-1 2049 1
-1 2054 1
-1 2055 1
-1 2057 1
-1 18442 1
-1 2059 1
-1 2060 1
-1 2061 1
-1 2063 1
-1 2065 1
-1 18450 1
-1 2067 1
-1 2068 1
-1 2069 1
-1 2070 1
-1 2080 1
-1 18465 1
-1 16696 1
-1 18467 1
-1 18468 1
-1 2089 1
-1 2090 1
-1 2092 1
-1 2093 1
-1 2094 1
-1 2095 1
-1 2097 1
-1 2098 1
-1 2100 1
-1 2101 1
-1 2102 1
-1 2103 1
-1 2104 1
-1 2105 1
-1 2106 1
-1 2107 1
-1 2108 1
-1 2109 1
-1 2110 1
-1 2111 1
-1 2112 1
-1 2116 1
-1 2118 1
-1 2119 1
-1 2123 1
-1 2124 1
-1 2126 1
-1 2129 1
-1 2135 1
-1 2139 1
-1 18526 1
-1 2143 1
-1 2145 1
-1 18531 1
-1 2149 1
-1 2150 1
-1 2151 1
-1 2156 1
-1 2159 1
-1 2162 1
-1 18546 1
-1 18549 1
-1 2170 1
-1 18557 1
-1 18558 1
-1 18559 1
-1 2179 1
-1 2180 1
-1 16717 1
-1 2189 1
-1 2196 1
-1 2197 1
-1 2198 1
-1 2205 1
-1 2217 1
-1 2219 1
-1 2221 1
-1 2222 1
-1 2223 1
-1 2225 1
-1 18613 1
-1 2231 1
-1 2233 1
-1 2234 1
-1 2235 1
-1 18617 1
-1 2237 1
-1 2238 1
-1 18624 1
-1 18625 1
-1 2241 1
-1 2248 1
-1 2249 1
-1 2257 1
-1 2263 1
-1 18651 1
-1 18652 1
-1 18654 1
-1 2274 1
-1 2276 1
-1 18661 1
-1 2277 1
-1 18663 1
-1 18665 1
-1 2283 1
-1 2284 1
-1 18668 1
-1 2288 1
-1 2292 1
-1 2293 1
-1 2294 1
-1 2295 1
-1 2296 1
-1 18685 1
-1 16740 1
-1 2305 1
-1 2306 1
-1 2307 1
-1 18692 1
-1 16741 1
-1 18697 1
-1 18698 1
-1 2315 1
-1 18701 1
-1 2318 1
-1 2326 1
-1 2328 1
-1 18713 1
-1 2331 1
-1 18717 1
-1 16746 1
-1 2335 1
-1 2336 1
-1 16747 1
-1 18726 1
-1 2345 1
-1 2348 1
-1 2350 1
-1 2352 1
-1 2353 1
-1 2354 1
-1 2355 1
-1 2356 1
-1 2361 1
-1 18746 1
-1 2364 1
-1 18748 1
-1 2367 1
-1 2369 1
-1 2370 1
-1 2371 1
-1 16753 1
-1 2372 1
-1 2377 1
-1 2378 1
-1 2379 1
-1 2380 1
-1 26145 1
-1 18767 1
-1 16757 1
-1 2392 1
-1 2393 1
-1 2397 1
-1 2401 1
-1 18788 1
-1 18794 1
-1 2415 1
-1 18801 1
-1 2419 1
-1 2420 1
-1 2424 1
-1 2425 1
-1 18815 1
-1 2434 1
-1 2442 1
-1 2443 1
-1 2449 1
-1 2453 1
-1 2454 1
-1 18841 1
-1 2458 1
-1 2459 1
-1 2460 1
-1 2461 1
-1 2475 1
-1 2479 1
-1 2481 1
-1 2485 1
-1 2486 1
-1 18872 1
-1 2489 1
-1 2495 1
-1 2499 1
-1 18883 1
-1 18887 1
-1 18891 1
-1 2507 1
-1 2517 1
-1 2523 1
-1 2524 1
-1 18911 1
-1 2527 1
-1 2529 1
-1 2530 1
-1 2528 1
-1 2532 1
-1 2533 1
-1 2535 1
-1 18922 1
-1 2541 1
-1 2542 1
-1 18928 1
-1 18929 1
-1 18930 1
-1 18931 1
-1 2548 1
-1 2549 1
-1 18932 1
-1 18933 1
-1 2553 1
-1 18942 1
-1 2560 1
-1 18945 1
-1 2562 1
-1 18950 1
-1 2570 1
-1 2571 1
-1 2572 1
-1 2573 1
-1 18959 1
-1 2576 1
-1 2578 1
-1 2579 1
-1 2580 1
-1 2584 1
-1 2587 1
-1 2589 1
-1 2591 1
-1 2592 1
-1 2595 1
-1 2598 1
-1 2600 1
-1 2601 1
-1 2604 1
-1 2607 1
-1 2609 1
-1 2616 1
-1 2619 1
-1 2620 1
-1 2622 1
-1 2623 1
-1 2624 1
-1 2625 1
-1 2626 1
-1 2627 1
-1 2628 1
-1 2629 1
-1 2630 1
-1 2631 1
-1 19017 1
-1 19018 1
-1 2635 1
-1 19020 1
-1 19019 1
-1 2638 1
-1 2641 1
-1 2642 1
-1 2643 1
-1 2644 1
-1 2645 1
-1 2646 1
-1 19031 1
-1 2648 1
-1 2649 1
-1 2650 1
-1 19027 1
-1 2652 1
-1 2653 1
-1 2654 1
-1 19030 1
-1 19036 1
-1 2661 1
-1 19045 1
-1 2669 1
-1 2670 1
-1 2671 1
-1 2672 1
-1 19058 1
-1 2677 1
-1 2679 1
-1 2680 1
-1 19071 1
-1 2688 1
-1 2689 1
-1 2690 1
-1 2691 1
-1 2693 1
-1 2694 1
-1 2695 1
-1 2698 1
-1 2700 1
-1 2703 1
-1 2706 1
-1 2709 1
-1 2712 1
-1 2713 1
-1 2714 1
-1 2715 1
-1 2716 1
-1 2717 1
-1 2718 1
-1 2719 1
-1 2724 1
-1 2725 1
-1 2726 1
-1 2731 1
-1 2733 1
-1 2736 1
-1 2739 1
-1 2749 1
-1 2750 1
-1 2753 1
-1 2764 1
-1 2780 1
-1 2785 1
-1 2787 1
-1 2788 1
-1 2790 1
-1 2795 1
-1 2797 1
-1 2798 1
-1 2799 1
-1 2800 1
-1 2801 1
-1 2803 1
-1 2805 1
-1 19191 1
-1 2807 1
-1 2809 1
-1 2808 1
-1 2811 1
-1 19195 1
-1 19197 1
-1 2814 1
-1 2816 1
-1 2817 1
-1 19201 1
-1 2821 1
-1 2827 1
-1 2829 1
-1 19219 1
-1 2845 1
-1 2847 1
-1 2848 1
-1 2849 1
-1 2852 1
-1 2856 1
-1 19250 1
-1 2871 1
-1 16853 1
-1 2874 1
-1 2876 1
-1 19261 1
-1 19262 1
-1 2879 1
-1 2881 1
-1 2885 1
-1 19273 1
-1 2890 1
-1 2889 1
-1 19279 1
-1 2896 1
-1 2897 1
-1 2898 1
-1 2899 1
-1 2895 1
-1 2900 1
-1 2904 1
-1 19299 1
-1 2920 1
-1 2926 1
-1 2929 1
-1 19319 1
-1 19320 1
-1 19321 1
-1 19322 1
-1 2939 1
-1 2940 1
-1 2941 1
-1 19323 1
-1 19324 1
-1 19325 1
-1 2936 1
-1 19333 1
-1 19334 1
-1 2954 1
-1 19345 1
-1 2971 1
-1 19360 1
-1 2977 1
-1 19362 1
-1 2979 1
-1 2981 1
-1 2983 1
-1 2984 1
-1 2985 1
-1 2986 1
-1 2987 1
-1 2988 1
-1 2990 1
-1 2992 1
-1 2993 1
-1 19377 1
-1 2997 1
-1 2999 1
-1 3000 1
-1 3003 1
-1 19390 1
-1 3007 1
-1 3015 1
-1 3020 1
-1 3023 1
-1 3024 1
-1 3025 1
-1 3029 1
-1 3037 1
-1 3039 1
-1 3044 1
-1 3046 1
-1 3050 1
-1 3051 1
-1 3053 1
-1 3059 1
-1 3060 1
-1 3063 1
-1 19448 1
-1 3065 1
-1 3066 1
-1 19450 1
-1 3064 1
-1 3069 1
-1 3071 1
-1 3078 1
-1 19466 1
-1 3084 1
-1 3085 1
-1 3088 1
-1 3089 1
-1 3091 1
-1 3093 1
-1 3097 1
-1 3100 1
-1 3102 1
-1 3106 1
-1 3108 1
-1 3111 1
-1 3114 1
-1 3117 1
-1 3120 1
-1 3121 1
-1 19510 1
-1 3130 1
-1 3133 1
-1 3134 1
-1 3135 1
-1 3138 1
-1 3139 1
-1 19522 1
-1 3142 1
-1 3144 1
-1 3152 1
-1 3170 1
-1 3171 1
-1 3180 1
-1 3182 1
-1 3183 1
-1 19571 1
-1 3187 1
-1 3188 1
-1 3190 1
-1 3193 1
-1 3195 1
-1 19580 1
-1 3197 1
-1 3202 1
-1 3203 1
-1 19586 1
-1 19587 1
-1 19588 1
-1 3212 1
-1 19597 1
-1 19598 1
-1 3216 1
-1 3218 1
-1 3219 1
-1 3223 1
-1 3224 1
-1 3225 1
-1 3227 1
-1 3229 1
-1 19614 1
-1 3235 1
-1 3237 1
-1 3238 1
-1 19621 1
-1 3241 1
-1 19627 1
-1 3251 1
-1 19640 1
-1 3257 1
-1 3258 1
-1 3261 1
-1 3264 1
-1 3268 1
-1 16932 1
-1 3274 1
-1 16933 1
-1 3282 1
-1 3285 1
-1 19672 1
-1 3290 1
-1 3291 1
-1 3292 1
-1 19676 1
-1 3294 1
-1 3295 1
-1 3296 1
-1 19683 1
-1 3301 1
-1 3302 1
-1 3305 1
-1 3307 1
-1 3308 1
-1 3309 1
-1 19695 1
-1 3315 1
-1 3317 1
-1 3319 1
-1 3321 1
-1 3322 1
-1 19712 1
-1 3329 1
-1 19715 1
-1 3333 1
-1 3335 1
-1 3339 1
-1 3346 1
-1 3350 1
-1 3352 1
-1 3355 1
-1 3357 1
-1 3358 1
-1 3359 1
-1 3361 1
-1 3362 1
-1 3363 1
-1 3365 1
-1 19755 1
-1 19758 1
-1 3377 1
-1 3378 1
-1 3383 1
-1 3385 1
-1 3389 1
-1 3393 1
-1 19782 1
-1 3401 1
-1 3412 1
-1 3414 1
-1 3416 1
-1 19801 1
-1 3419 1
-1 3420 1
-1 3421 1
-1 3422 1
-1 19812 1
-1 3428 1
-1 19820 1
-1 3436 1
-1 3438 1
-1 3440 1
-1 3443 1
-1 3444 1
-1 3446 1
-1 3451 1
-1 3452 1
-1 3454 1
-1 3456 1
-1 19842 1
-1 3460 1
-1 19845 1
-1 19844 1
-1 688 1
-1 3464 1
-1 3465 1
-1 19851 1
-1 19852 1
-1 19853 1
-1 19854 1
-1 19855 1
-1 19856 1
-1 3473 1
-1 19857 1
-1 19858 1
-1 19859 1
-1 3477 1
-1 19860 1
-1 19861 1
-1 3480 1
-1 19862 1
-1 19863 1
-1 3483 1
-1 3484 1
-1 3485 1
-1 3486 1
-1 19864 1
-1 19865 1
-1 3489 1
-1 19866 1
-1 19867 1
-1 3492 1
-1 19868 1
-1 19869 1
-1 19870 1
-1 3494 1
-1 3495 1
-1 3498 1
-1 19882 1
-1 19880 1
-1 19876 1
-1 3501 1
-1 3504 1
-1 19890 1
-1 3507 1
-1 19891 1
-1 3511 1
-1 3512 1
-1 3513 1
-1 3514 1
-1 3515 1
-1 3523 1
-1 3524 1
-1 19907 1
-1 3526 1
-1 3527 1
-1 3529 1
-1 19914 1
-1 3536 1
-1 3537 1
-1 19921 1
-1 3538 1
-1 3540 1
-1 3543 1
-1 3545 1
-1 3548 1
-1 3549 1
-1 3551 1
-1 3552 1
-1 3561 1
-1 3564 1
-1 3565 1
-1 3566 1
-1 3568 1
-1 3569 1
-1 3571 1
-1 3573 1
-1 3575 1
-1 19960 1
-1 3578 1
-1 3585 1
-1 3587 1
-1 3588 1
-1 19971 1
-1 3590 1
-1 3595 1
-1 3596 1
-1 3603 1
-1 3604 1
-1 3605 1
-1 3608 1
-1 3609 1
-1 3611 1
-1 3613 1
-1 3615 1
-1 3618 1
-1 3620 1
-1 3623 1
-1 3624 1
-1 20015 1
-1 3632 1
-1 20017 1
-1 3637 1
-1 3638 1
-1 20026 1
-1 724 1
-1 3646 1
-1 3647 1
-1 3648 1
-1 20033 1
-1 20040 1
-1 3659 1
-1 3663 1
-1 20049 1
-1 20050 1
-1 20051 1
-1 20052 1
-1 3668 1
-1 3666 1
-1 3676 1
-1 3677 1
-1 20065 1
-1 3682 1
-1 3688 1
-1 3689 1
-1 3691 1
-1 20078 1
-1 20080 1
-1 20083 1
-1 20084 1
-1 20085 1
-1 20086 1
-1 20087 1
-1 20088 1
-1 20089 1
-1 20090 1
-1 20091 1
-1 20092 1
-1 20093 1
-1 20094 1
-1 20095 1
-1 3706 1
-1 3711 1
-1 20098 1
-1 20116 1
-1 20117 1
-1 20118 1
-1 20119 1
-1 20120 1
-1 20121 1
-1 20122 1
-1 20124 1
-1 20126 1
-1 20127 1
-1 20128 1
-1 3742 1
-1 20130 1
-1 20131 1
-1 3746 1
-1 20133 1
-1 20136 1
-1 3754 1
-1 20138 1
-1 3756 1
-1 20139 1
-1 20140 1
-1 20142 1
-1 20144 1
-1 3761 1
-1 3762 1
-1 3760 1
-1 3766 1
-1 3767 1
-1 3768 1
-1 3769 1
-1 3771 1
-1 3773 1
-1 3776 1
-1 3777 1
-1 3778 1
-1 3779 1
-1 3787 1
-1 20171 1
-1 3789 1
-1 20176 1
-1 3793 1
-1 3797 1
-1 3799 1
-1 20186 1
-1 17038 1
-1 3808 1
-1 17039 1
-1 17040 1
-1 3814 1
-1 3815 1
-1 3816 1
-1 3818 1
-1 17041 1
-1 20204 1
-1 20203 1
-1 17042 1
-1 20208 1
-1 20209 1
-1 3826 1
-1 20211 1
-1 17043 1
-1 20214 1
-1 3830 1
-1 3832 1
-1 3833 1
-1 17044 1
-1 17045 1
-1 3840 1
-1 20227 1
-1 17046 1
-1 3846 1
-1 20232 1
-1 17047 1
-1 3850 1
-1 3853 1
-1 17048 1
-1 3856 1
-1 3857 1
-1 17049 1
-1 3860 1
-1 3861 1
-1 3862 1
-1 17050 1
-1 20251 1
-1 3868 1
-1 17051 1
-1 20255 1
-1 20256 1
-1 20258 1
-1 20273 1
-1 20275 1
-1 20277 1
-1 20278 1
-1 3893 1
-1 3898 1
-1 3899 1
-1 3900 1
-1 3901 1
-1 3902 1
-1 3903 1
-1 17058 1
-1 3905 1
-1 3907 1
-1 3909 1
-1 3910 1
-1 17059 1
-1 3913 1
-1 3914 1
-1 3915 1
-1 3916 1
-1 3917 1
-1 3918 1
-1 17060 1
-1 17061 1
-1 3923 1
-1 17062 1
-1 3926 1
-1 3928 1
-1 17063 1
-1 17064 1
-1 17065 1
-1 3941 1
-1 3943 1
-1 3944 1
-1 17066 1
-1 3956 1
-1 3957 1
-1 3971 1
-1 3972 1
-1 3974 1
-1 3979 1
-1 3983 1
-1 3984 1
-1 3985 1
-1 3986 1
-1 3989 1
-1 3992 1
-1 3993 1
-1 4026 1
-1 4028 1
-1 4041 1
-1 4042 1
-1 4045 1
-1 4062 1
-1 4065 1
-1 4075 1
-1 4094 1
-1 4100 1
-1 4101 1
-1 4102 1
-1 20491 1
-1 4116 1
-1 4117 1
-1 4119 1
-1 4121 1
-1 4124 1
-1 20509 1
-1 20508 1
-1 4133 1
-1 4147 1
-1 4150 1
-1 4151 1
-1 4153 1
-1 4154 1
-1 4155 1
-1 4156 1
-1 4160 1
-1 20551 1
-1 20556 1
-1 4183 1
-1 4184 1
-1 4189 1
-1 4190 1
-1 4191 1
-1 4192 1
-1 4194 1
-1 20579 1
-1 4196 1
-1 4203 1
-1 4211 1
-1 20595 1
-1 4213 1
-1 20598 1
-1 20597 1
-1 4217 1
-1 4219 1
-1 4221 1
-1 4224 1
-1 20614 1
-1 4230 1
-1 4232 1
-1 4233 1
-1 4234 1
-1 4235 1
-1 4237 1
-1 4242 1
-1 4243 1
-1 4244 1
-1 20630 1
-1 4250 1
-1 20635 1
-1 4251 1
-1 20639 1
-1 4256 1
-1 20641 1
-1 4257 1
-1 20649 1
-1 20655 1
-1 20658 1
-1 4275 1
-1 4276 1
-1 850 1
-1 4278 1
-1 4279 1
-1 20661 1
-1 20671 1
-1 4287 1
-1 20677 1
-1 4302 1
-1 4303 1
-1 4304 1
-1 4307 1
-1 4308 1
-1 20695 1
-1 4315 1
-1 20699 1
-1 4319 1
-1 4320 1
-1 4321 1
-1 20708 1
-1 20709 1
-1 4326 1
-1 4327 1
-1 4328 1
-1 4330 1
-1 4331 1
-1 4335 1
-1 4337 1
-1 20722 1
-1 20723 1
-1 20724 1
-1 4346 1
-1 20730 1
-1 4349 1
-1 20734 1
-1 20736 1
-1 4353 1
-1 4354 1
-1 4355 1
-1 4358 1
-1 4360 1
-1 4361 1
-1 4362 1
-1 4363 1
-1 4364 1
-1 4365 1
-1 20750 1
-1 20756 1
-1 4377 1
-1 4381 1
-1 4382 1
-1 4383 1
-1 20768 1
-1 20770 1
-1 20771 1
-1 4387 1
-1 4393 1
-1 4396 1
-1 4398 1
-1 4400 1
-1 20788 1
-1 4405 1
-1 4408 1
-1 4409 1
-1 4410 1
-1 4411 1
-1 4412 1
-1 4413 1
-1 4415 1
-1 20799 1
-1 4420 1
-1 4422 1
-1 20807 1
-1 20808 1
-1 4429 1
-1 20813 1
-1 20817 1
-1 4435 1
-1 4441 1
-1 4442 1
-1 4443 1
-1 4444 1
-1 4451 1
-1 4452 1
-1 20838 1
-1 4456 1
-1 4457 1
-1 4462 1
-1 20854 1
-1 4476 1
-1 4482 1
-1 4484 1
-1 4485 1
-1 20870 1
-1 4494 1
-1 20879 1
-1 20882 1
-1 20887 1
-1 4506 1
-1 4509 1
-1 4514 1
-1 4518 1
-1 4521 1
-1 4534 1
-1 4538 1
-1 4541 1
-1 4544 1
-1 4548 1
-1 20935 1
-1 20936 1
-1 20937 1
-1 20938 1
-1 20939 1
-1 20940 1
-1 20941 1
-1 20942 1
-1 20943 1
-1 20944 1
-1 20945 1
-1 4557 1
-1 20953 1
-1 4575 1
-1 4589 1
-1 4591 1
-1 4593 1
-1 4594 1
-1 4597 1
-1 4605 1
-1 4606 1
-1 20992 1
-1 4611 1
-1 4613 1
-1 4617 1
-1 4618 1
-1 4620 1
-1 21006 1
-1 4626 1
-1 4628 1
-1 4631 1
-1 21019 1
-1 4641 1
-1 4642 1
-1 4643 1
-1 4646 1
-1 21031 1
-1 4648 1
-1 4649 1
-1 21033 1
-1 4653 1
-1 4655 1
-1 4656 1
-1 4657 1
-1 4659 1
-1 4661 1
-1 21046 1
-1 21047 1
-1 21048 1
-1 21049 1
-1 4666 1
-1 4667 1
-1 4668 1
-1 21054 1
-1 4677 1
-1 4680 1
-1 21068 1
-1 21069 1
-1 21070 1
-1 21071 1
-1 21072 1
-1 21073 1
-1 21074 1
-1 4691 1
-1 4684 1
-1 4693 1
-1 4694 1
-1 4695 1
-1 21079 1
-1 21080 1
-1 21081 1
-1 21083 1
-1 4700 1
-1 4701 1
-1 4702 1
-1 4703 1
-1 21084 1
-1 21085 1
-1 21086 1
-1 21087 1
-1 21090 1
-1 21091 1
-1 21092 1
-1 21095 1
-1 4712 1
-1 4713 1
-1 4714 1
-1 21097 1
-1 21098 1
-1 21099 1
-1 21100 1
-1 21101 1
-1 21102 1
-1 21103 1
-1 21104 1
-1 21105 1
-1 21108 1
-1 21109 1
-1 21110 1
-1 21111 1
-1 21112 1
-1 21113 1
-1 21114 1
-1 4731 1
-1 4732 1
-1 21116 1
-1 21117 1
-1 21118 1
-1 21119 1
-1 21120 1
-1 21115 1
-1 21121 1
-1 4740 1
-1 21122 1
-1 21123 1
-1 21124 1
-1 21125 1
-1 21126 1
-1 21127 1
-1 4747 1
-1 21128 1
-1 21129 1
-1 4750 1
-1 21130 1
-1 21131 1
-1 21132 1
-1 21133 1
-1 21134 1
-1 21135 1
-1 21136 1
-1 21137 1
-1 21138 1
-1 4753 1
-1 4755 1
-1 4759 1
-1 4762 1
-1 4764 1
-1 4765 1
-1 4766 1
-1 4767 1
-1 4768 1
-1 21150 1
-1 4770 1
-1 21146 1
-1 4769 1
-1 4773 1
-1 4775 1
-1 4777 1
-1 4779 1
-1 21163 1
-1 4782 1
-1 21167 1
-1 4784 1
-1 21168 1
-1 4788 1
-1 4789 1
-1 4790 1
-1 4794 1
-1 4804 1
-1 4807 1
-1 4810 1
-1 4811 1
-1 4812 1
-1 4817 1
-1 4829 1
-1 4831 1
-1 21216 1
-1 21215 1
-1 21219 1
-1 4837 1
-1 21224 1
-1 4843 1
-1 4848 1
-1 4851 1
-1 4853 1
-1 4855 1
-1 21241 1
-1 21243 1
-1 4862 1
-1 4864 1
-1 4865 1
-1 17249 1
-1 4868 1
-1 4869 1
-1 4870 1
-1 4871 1
-1 4872 1
-1 4873 1
-1 17250 1
-1 4883 1
-1 4893 1
-1 4894 1
-1 21280 1
-1 4896 1
-1 4898 1
-1 4899 1
-1 4900 1
-1 21285 1
-1 4901 1
-1 4902 1
-1 4904 1
-1 4918 1
-1 4921 1
-1 4923 1
-1 4929 1
-1 4932 1
-1 4935 1
-1 4937 1
-1 4939 1
-1 21328 1
-1 4945 1
-1 21329 1
-1 21330 1
-1 21331 1
-1 21334 1
-1 4958 1
-1 4962 1
-1 21346 1
-1 4967 1
-1 4969 1
-1 21353 1
-1 4979 1
-1 21371 1
-1 4989 1
-1 21374 1
-1 4991 1
-1 4992 1
-1 4993 1
-1 21384 1
-1 21385 1
-1 21391 1
-1 21392 1
-1 5013 1
-1 5027 1
-1 5030 1
-1 21416 1
-1 5033 1
-1 21424 1
-1 21426 1
-1 5043 1
-1 5044 1
-1 21435 1
-1 5058 1
-1 21442 1
-1 5063 1
-1 5064 1
-1 21454 1
-1 5072 1
-1 5073 1
-1 5085 1
-1 21472 1
-1 5096 1
-1 21487 1
-1 5105 1
-1 21490 1
-1 5110 1
-1 5111 1
-1 5124 1
-1 5126 1
-1 5127 1
-1 5129 1
-1 21514 1
-1 5133 1
-1 21518 1
-1 5137 1
-1 5145 1
-1 21535 1
-1 5152 1
-1 5153 1
-1 5154 1
-1 5155 1
-1 5156 1
-1 5157 1
-1 5158 1
-1 21538 1
-1 21539 1
-1 5161 1
-1 5162 1
-1 21540 1
-1 5164 1
-1 5165 1
-1 21541 1
-1 5167 1
-1 5168 1
-1 5170 1
-1 5171 1
-1 5173 1
-1 21559 1
-1 21560 1
-1 5179 1
-1 5182 1
-1 21567 1
-1 5183 1
-1 5188 1
-1 5192 1
-1 21577 1
-1 5194 1
-1 21578 1
-1 21579 1
-1 21580 1
-1 21581 1
-1 21582 1
-1 21591 1
-1 5208 1
-1 5211 1
-1 5212 1
-1 21604 1
-1 5222 1
-1 5223 1
-1 5224 1
-1 5229 1
-1 5233 1
-1 5242 1
-1 5255 1
-1 5257 1
-1 5264 1
-1 21650 1
-1 21651 1
-1 21652 1
-1 21653 1
-1 5269 1
-1 5268 1
-1 5272 1
-1 21655 1
-1 21654 1
-1 5275 1
-1 5277 1
-1 5281 1
-1 21671 1
-1 21672 1
-1 5289 1
-1 5291 1
-1 5293 1
-1 5294 1
-1 5295 1
-1 5296 1
-1 5297 1
-1 5300 1
-1 5301 1
-1 5303 1
-1 5305 1
-1 5306 1
-1 5308 1
-1 5310 1
-1 5311 1
-1 5312 1
-1 5316 1
-1 21702 1
-1 5319 1
-1 21703 1
-1 21704 1
-1 21705 1
-1 21706 1
-1 21707 1
-1 5322 1
-1 5323 1
-1 5325 1
-1 5328 1
-1 5321 1
-1 5327 1
-1 21715 1
-1 5337 1
-1 5348 1
-1 5354 1
-1 5357 1
-1 21741 1
-1 5359 1
-1 21746 1
-1 5365 1
-1 5369 1
-1 5375 1
-1 5377 1
-1 5378 1
-1 5382 1
-1 5389 1
-1 5390 1
-1 5405 1
-1 5406 1
-1 5407 1
-1 5415 1
-1 5420 1
-1 5421 1
-1 5423 1
-1 5424 1
-1 5426 1
-1 5427 1
-1 5428 1
-1 5429 1
-1 5431 1
-1 5432 1
-1 5433 1
-1 5434 1
-1 5435 1
-1 5437 1
-1 5440 1
-1 5441 1
-1 5443 1
-1 5447 1
-1 5448 1
-1 5449 1
-1 5452 1
-1 5455 1
-1 5456 1
-1 5457 1
-1 5458 1
-1 5459 1
-1 5460 1
-1 5461 1
-1 5462 1
-1 5463 1
-1 5464 1
-1 5465 1
-1 5466 1
-1 5467 1
-1 5468 1
-1 5469 1
-1 5470 1
-1 5471 1
-1 5472 1
-1 5473 1
-1 5474 1
-1 5475 1
-1 5476 1
-1 5477 1
-1 5478 1
-1 5479 1
-1 5480 1
-1 5481 1
-1 5482 1
-1 5483 1
-1 5484 1
-1 5485 1
-1 5486 1
-1 5487 1
-1 5488 1
-1 5489 1
-1 5490 1
-1 5491 1
-1 5492 1
-1 5493 1
-1 5494 1
-1 5495 1
-1 5496 1
-1 5497 1
-1 5498 1
-1 5499 1
-1 5500 1
-1 5501 1
-1 5502 1
-1 5503 1
-1 5504 1
-1 5505 1
-1 5506 1
-1 5507 1
-1 5508 1
-1 5509 1
-1 5510 1
-1 5511 1
-1 5512 1
-1 5513 1
-1 5514 1
-1 5515 1
-1 5516 1
-1 21901 1
-1 5517 1
-1 5518 1
-1 5519 1
-1 5520 1
-1 5521 1
-1 5522 1
-1 5523 1
-1 5524 1
-1 5525 1
-1 5526 1
-1 5527 1
-1 5528 1
-1 5529 1
-1 5530 1
-1 5531 1
-1 5532 1
-1 5533 1
-1 5534 1
-1 5535 1
-1 5536 1
-1 5537 1
-1 5538 1
-1 5539 1
-1 5540 1
-1 5541 1
-1 5542 1
-1 5543 1
-1 5544 1
-1 5545 1
-1 5546 1
-1 5547 1
-1 5548 1
-1 5550 1
-1 5549 1
-1 5551 1
-1 5552 1
-1 5553 1
-1 5555 1
-1 5556 1
-1 5557 1
-1 5558 1
-1 5559 1
-1 5554 1
-1 21945 1
-1 5560 1
-1 5562 1
-1 5563 1
-1 5561 1
-1 5565 1
-1 5566 1
-1 5567 1
-1 5568 1
-1 5569 1
-1 21955 1
-1 5572 1
-1 5570 1
-1 5571 1
-1 5573 1
-1 5574 1
-1 5575 1
-1 5576 1
-1 5577 1
-1 21964 1
-1 5581 1
-1 5578 1
-1 21967 1
-1 5580 1
-1 5579 1
-1 5582 1
-1 5583 1
-1 5584 1
-1 5585 1
-1 5586 1
-1 5587 1
-1 5588 1
-1 5589 1
-1 5590 1
-1 5591 1
-1 5592 1
-1 5593 1
-1 5594 1
-1 5595 1
-1 5596 1
-1 5597 1
-1 5598 1
-1 5599 1
-1 5604 1
-1 5605 1
-1 5602 1
-1 21982 1
-1 21990 1
-1 21995 1
-1 5615 1
-1 22000 1
-1 22007 1
-1 22015 1
-1 5634 1
-1 5636 1
-1 5637 1
-1 5639 1
-1 5640 1
-1 5642 1
-1 5643 1
-1 5645 1
-1 5648 1
-1 5656 1
-1 5659 1
-1 5660 1
-1 5663 1
-1 5677 1
-1 5680 1
-1 5683 1
-1 5686 1
-1 5687 1
-1 5688 1
-1 5690 1
-1 5696 1
-1 5698 1
-1 5700 1
-1 5706 1
-1 22092 1
-1 5709 1
-1 5710 1
-1 5712 1
-1 5715 1
-1 5716 1
-1 5720 1
-1 5722 1
-1 5723 1
-1 5724 1
-1 5725 1
-1 22113 1
-1 22114 1
-1 22115 1
-1 22116 1
-1 5733 1
-1 5737 1
-1 5739 1
-1 5743 1
-1 5749 1
-1 5753 1
-1 5760 1
-1 5762 1
-1 5782 1
-1 5784 1
-1 5787 1
-1 5793 1
-1 5800 1
-1 5802 1
-1 22188 1
-1 22193 1
-1 5816 1
-1 5817 1
-1 5818 1
-1 5819 1
-1 5822 1
-1 5826 1
-1 5836 1
-1 5851 1
-1 5852 1
-1 5863 1
-1 5867 1
-1 5869 1
-1 5870 1
-1 5871 1
-1 5872 1
-1 5875 1
-1 5876 1
-1 22262 1
-1 22264 1
-1 5880 1
-1 22266 1
-1 22267 1
-1 5889 1
-1 5892 1
-1 5893 1
-1 5916 1
-1 5919 1
-1 5926 1
-1 5930 1
-1 5932 1
-1 5934 1
-1 5936 1
-1 5942 1
-1 5945 1
-1 5953 1
-1 5958 1
-1 5966 1
-1 5971 1
-1 5974 1
-1 5977 1
-1 5979 1
-1 5989 1
-1 6001 1
-1 6002 1
-1 6008 1
-1 6013 1
-1 6023 1
-1 6026 1
-1 22412 1
-1 6029 1
-1 22416 1
-1 6034 1
-1 6037 1
-1 6038 1
-1 6040 1
-1 6042 1
-1 6045 1
-1 6048 1
-1 6055 1
-1 6059 1
-1 22446 1
-1 6067 1
-1 6073 1
-1 6075 1
-1 6076 1
-1 6085 1
-1 6086 1
-1 6087 1
-1 6091 1
-1 6096 1
-1 6102 1
-1 6108 1
-1 6109 1
-1 6111 1
-1 6112 1
-1 22497 1
-1 6116 1
-1 22500 1
-1 6122 1
-1 6128 1
-1 22516 1
-1 6135 1
-1 6140 1
-1 6145 1
-1 6147 1
-1 6163 1
-1 22555 1
-1 22556 1
-1 22557 1
-1 22558 1
-1 22559 1
-1 22560 1
-1 22561 1
-1 22562 1
-1 22563 1
-1 6180 1
-1 22564 1
-1 22565 1
-1 22566 1
-1 22567 1
-1 22568 1
-1 22569 1
-1 22570 1
-1 6188 1
-1 22571 1
-1 22572 1
-1 22573 1
-1 22574 1
-1 22575 1
-1 22576 1
-1 22577 1
-1 22578 1
-1 22579 1
-1 22582 1
-1 6203 1
-1 6207 1
-1 22596 1
-1 6213 1
-1 6215 1
-1 22600 1
-1 6221 1
-1 6224 1
-1 6225 1
-1 6229 1
-1 6236 1
-1 6237 1
-1 6238 1
-1 22623 1
-1 6241 1
-1 6244 1
-1 6245 1
-1 6246 1
-1 22629 1
-1 6249 1
-1 6253 1
-1 6254 1
-1 6255 1
-1 6256 1
-1 6264 1
-1 6266 1
-1 22656 1
-1 6279 1
-1 6284 1
-1 6285 1
-1 6286 1
-1 6287 1
-1 6289 1
-1 6290 1
-1 6296 1
-1 22690 1
-1 6310 1
-1 6312 1
-1 6313 1
-1 6314 1
-1 6320 1
-1 22709 1
-1 6326 1
-1 22710 1
-1 6329 1
-1 6330 1
-1 6331 1
-1 6335 1
-1 6339 1
-1 6351 1
-1 22738 1
-1 6368 1
-1 6372 1
-1 6373 1
-1 6374 1
-1 22766 1
-1 22773 1
-1 22774 1
-1 6398 1
-1 22784 1
-1 22785 1
-1 22786 1
-1 22787 1
-1 6404 1
-1 22788 1
-1 22789 1
-1 22790 1
-1 22791 1
-1 6408 1
-1 22797 1
-1 6414 1
-1 6416 1
-1 22800 1
-1 22805 1
-1 22806 1
-1 22808 1
-1 6427 1
-1 6429 1
-1 6430 1
-1 22813 1
-1 6438 1
-1 6441 1
-1 6443 1
-1 6445 1
-1 6446 1
-1 6447 1
-1 22831 1
-1 22833 1
-1 6450 1
-1 6452 1
-1 6459 1
-1 22859 1
-1 22865 1
-1 22866 1
-1 22867 1
-1 22868 1
-1 22869 1
-1 22870 1
-1 22871 1
-1 22872 1
-1 22877 1
-1 22878 1
-1 22879 1
-1 22880 1
-1 22881 1
-1 22882 1
-1 22883 1
-1 22884 1
-1 22885 1
-1 22886 1
-1 22887 1
-1 22888 1
-1 22889 1
-1 22890 1
-1 22891 1
-1 22892 1
-1 22893 1
-1 22894 1
-1 22895 1
-1 22896 1
-1 22897 1
-1 4551 1
-1 22898 1
-1 22899 1
-1 22900 1
-1 22901 1
-1 22903 1
-1 22902 1
-1 22905 1
-1 22906 1
-1 22907 1
-1 22908 1
-1 22909 1
-1 22910 1
-1 22904 1
-1 22912 1
-1 22913 1
-1 22914 1
-1 22915 1
-1 22916 1
-1 22917 1
-1 22918 1
-1 22919 1
-1 22911 1
-1 22920 1
-1 22921 1
-1 22922 1
-1 22923 1
-1 22924 1
-1 22925 1
-1 22929 1
-1 22932 1
-1 22933 1
-1 17584 1
-1 22941 1
-1 6559 1
-1 6562 1
-1 6563 1
-1 6564 1
-1 6567 1
-1 6568 1
-1 22961 1
-1 6589 1
-1 6592 1
-1 6600 1
-1 22989 1
-1 6609 1
-1 6615 1
-1 6626 1
-1 23013 1
-1 23014 1
-1 6640 1
-1 23027 1
-1 23028 1
-1 23029 1
-1 6646 1
-1 23030 1
-1 23031 1
-1 23032 1
-1 6650 1
-1 23033 1
-1 6652 1
-1 23037 1
-1 6653 1
-1 23039 1
-1 6651 1
-1 23034 1
-1 23035 1
-1 23038 1
-1 23036 1
-1 23040 1
-1 23041 1
-1 23042 1
-1 6664 1
-1 23043 1
-1 23044 1
-1 23045 1
-1 23046 1
-1 23047 1
-1 23048 1
-1 6665 1
-1 23049 1
-1 23050 1
-1 23051 1
-1 23052 1
-1 23053 1
-1 23054 1
-1 23055 1
-1 23056 1
-1 23057 1
-1 23058 1
-1 23059 1
-1 23060 1
-1 23061 1
-1 23062 1
-1 6685 1
-1 6686 1
-1 6690 1
-1 6692 1
-1 6693 1
-1 6697 1
-1 6698 1
-1 6701 1
-1 6706 1
-1 6711 1
-1 6715 1
-1 6718 1
-1 6723 1
-1 6724 1
-1 6727 1
-1 6728 1
-1 6731 1
-1 6734 1
-1 6736 1
-1 6747 1
-1 6750 1
-1 6752 1
-1 6756 1
-1 6760 1
-1 6765 1
-1 6766 1
-1 6769 1
-1 6776 1
-1 6777 1
-1 6778 1
-1 6779 1
-1 6784 1
-1 6786 1
-1 6788 1
-1 6791 1
-1 6793 1
-1 6794 1
-1 23178 1
-1 23181 1
-1 6803 1
-1 6806 1
-1 6807 1
-1 6814 1
-1 6816 1
-1 6819 1
-1 6820 1
-1 6821 1
-1 6823 1
-1 6825 1
-1 23211 1
-1 6840 1
-1 6844 1
-1 23229 1
-1 23231 1
-1 6849 1
-1 23240 1
-1 23243 1
-1 6862 1
-1 6871 1
-1 23266 1
-1 6884 1
-1 6893 1
-1 23283 1
-1 6903 1
-1 6904 1
-1 6907 1
-1 23292 1
-1 23298 1
-1 23300 1
-1 23302 1
-1 23303 1
-1 23304 1
-1 6936 1
-1 6945 1
-1 6948 1
-1 6949 1
-1 6951 1
-1 6952 1
-1 6953 1
-1 6958 1
-1 6961 1
-1 17667 1
-1 6971 1
-1 6982 1
-1 6983 1
-1 6989 1
-1 6990 1
-1 6993 1
-1 7001 1
-1 7004 1
-1 7008 1
-1 7011 1
-1 23396 1
-1 23397 1
-1 23398 1
-1 23399 1
-1 7016 1
-1 23400 1
-1 7018 1
-1 7019 1
-1 23403 1
-1 23405 1
-1 7022 1
-1 7023 1
-1 23409 1
-1 7031 1
-1 7033 1
-1 7034 1
-1 7035 1
-1 7037 1
-1 7040 1
-1 7041 1
-1 7044 1
-1 23432 1
-1 7049 1
-1 7050 1
-1 7051 1
-1 23436 1
-1 23437 1
-1 7052 1
-1 7057 1
-1 7062 1
-1 23448 1
-1 7066 1
-1 7068 1
-1 7072 1
-1 7075 1
-1 7080 1
-1 7091 1
-1 7093 1
-1 7096 1
-1 7098 1
-1 7099 1
-1 7100 1
-1 7101 1
-1 23484 1
-1 23487 1
-1 23488 1
-1 7105 1
-1 7107 1
-1 7108 1
-1 23492 1
-1 7110 1
-1 7115 1
-1 7119 1
-1 7120 1
-1 7121 1
-1 7123 1
-1 7127 1
-1 7131 1
-1 7133 1
-1 7134 1
-1 7135 1
-1 7136 1
-1 7137 1
-1 7139 1
-1 7140 1
-1 23524 1
-1 7142 1
-1 7141 1
-1 7150 1
-1 7158 1
-1 7159 1
-1 7160 1
-1 7163 1
-1 7164 1
-1 7167 1
-1 7168 1
-1 7170 1
-1 7172 1
-1 7175 1
-1 7176 1
-1 7177 1
-1 7179 1
-1 23567 1
-1 7183 1
-1 4685 1
-1 7191 1
-1 7193 1
-1 4687 1
-1 7202 1
-1 4688 1
-1 7204 1
-1 23595 1
-1 7212 1
-1 7214 1
-1 23599 1
-1 7235 1
-1 7241 1
-1 7250 1
-1 7254 1
-1 23639 1
-1 7256 1
-1 23640 1
-1 4699 1
-1 7271 1
-1 7272 1
-1 7273 1
-1 7274 1
-1 7275 1
-1 7276 1
-1 7277 1
-1 7278 1
-1 7279 1
-1 7280 1
-1 7281 1
-1 7282 1
-1 7283 1
-1 7284 1
-1 7285 1
-1 7286 1
-1 7287 1
-1 7288 1
-1 7289 1
-1 7290 1
-1 7291 1
-1 23676 1
-1 7292 1
-1 7294 1
-1 7295 1
-1 7296 1
-1 7297 1
-1 7298 1
-1 7299 1
-1 7300 1
-1 7301 1
-1 7293 1
-1 7306 1
-1 23691 1
-1 7309 1
-1 23696 1
-1 7315 1
-1 23704 1
-1 7320 1
-1 23708 1
-1 23720 1
-1 23721 1
-1 4715 1
-1 23724 1
-1 23725 1
-1 7341 1
-1 23726 1
-1 7344 1
-1 7345 1
-1 7346 1
-1 7348 1
-1 7355 1
-1 7356 1
-1 7358 1
-1 7359 1
-1 7364 1
-1 4720 1
-1 7368 1
-1 7369 1
-1 4722 1
-1 7375 1
-1 7374 1
-1 7377 1
-1 7378 1
-1 7380 1
-1 7390 1
-1 4726 1
-1 7394 1
-1 7395 1
-1 7398 1
-1 23784 1
-1 23787 1
-1 4728 1
-1 7406 1
-1 7407 1
-1 4729 1
-1 23794 1
-1 7413 1
-1 7414 1
-1 7417 1
-1 7418 1
-1 7419 1
-1 7420 1
-1 23808 1
-1 7426 1
-1 4733 1
-1 7431 1
-1 7432 1
-1 7434 1
-1 23818 1
-1 7436 1
-1 23822 1
-1 7438 1
-1 7440 1
-1 7442 1
-1 23830 1
-1 23834 1
-1 7451 1
-1 7452 1
-1 7453 1
-1 7462 1
-1 7463 1
-1 23847 1
-1 7465 1
-1 23851 1
-1 7469 1
-1 4741 1
-1 23857 1
-1 23858 1
-1 4742 1
-1 4743 1
-1 7480 1
-1 4744 1
-1 23872 1
-1 7489 1
-1 7495 1
-1 7496 1
-1 7503 1
-1 7504 1
-1 7511 1
-1 7512 1
-1 7513 1
-1 7514 1
-1 23900 1
-1 7517 1
-1 7520 1
-1 7522 1
-1 4752 1
-1 7529 1
-1 23917 1
-1 23918 1
-1 23921 1
-1 7538 1
-1 7541 1
-1 7542 1
-1 7545 1
-1 23929 1
-1 7547 1
-1 7548 1
-1 4756 1
-1 7553 1
-1 7555 1
-1 7557 1
-1 7559 1
-1 7562 1
-1 7563 1
-1 7565 1
-1 7569 1
-1 7570 1
-1 23954 1
-1 23955 1
-1 7573 1
-1 23957 1
-1 7572 1
-1 7576 1
-1 23963 1
-1 7581 1
-1 7582 1
-1 7584 1
-1 23976 1
-1 23977 1
-1 23983 1
-1 23984 1
-1 7607 1
-1 7609 1
-1 7610 1
-1 7611 1
-1 7612 1
-1 7613 1
-1 7614 1
-1 7615 1
-1 7616 1
-1 7617 1
-1 7618 1
-1 7619 1
-1 7620 1
-1 7622 1
-1 7633 1
-1 7636 1
-1 7644 1
-1 7648 1
-1 7650 1
-1 7653 1
-1 7663 1
-1 7666 1
-1 7667 1
-1 7668 1
-1 7670 1
-1 7671 1
-1 7672 1
-1 7673 1
-1 7674 1
-1 7676 1
-1 24062 1
-1 7678 1
-1 7679 1
-1 7683 1
-1 24068 1
-1 7684 1
-1 7686 1
-1 7688 1
-1 7689 1
-1 7690 1
-1 7691 1
-1 7693 1
-1 7694 1
-1 7695 1
-1 7697 1
-1 7698 1
-1 7699 1
-1 7700 1
-1 7701 1
-1 7702 1
-1 7711 1
-1 7713 1
-1 7714 1
-1 7718 1
-1 7719 1
-1 7721 1
-1 24107 1
-1 7724 1
-1 24108 1
-1 24109 1
-1 24110 1
-1 7729 1
-1 21075 1
-1 21076 1
-1 24120 1
-1 24121 1
-1 21077 1
-1 24126 1
-1 21078 1
-1 24138 1
-1 7758 1
-1 24143 1
-1 7762 1
-1 24148 1
-1 21082 1
-1 24149 1
-1 24170 1
-1 24173 1
-1 24178 1
-1 21088 1
-1 24183 1
-1 21089 1
-1 24191 1
-1 21093 1
-1 24205 1
-1 21094 1
-1 21096 1
-1 24251 1
-1 24257 1
-1 24261 1
-1 24262 1
-1 7879 1
-1 24263 1
-1 7881 1
-1 24265 1
-1 7883 1
-1 7884 1
-1 24266 1
-1 21106 1
-1 21107 1
-1 7902 1
-1 7944 1
-1 24347 1
-1 7967 1
-1 7968 1
-1 24351 1
-1 24373 1
-1 24374 1
-1 24375 1
-1 24376 1
-1 24377 1
-1 24397 1
-1 24405 1
-1 24406 1
-1 24407 1
-1 24409 1
-1 8044 1
-1 21145 1
-1 24492 1
-1 8109 1
-1 24496 1
-1 8113 1
-1 8114 1
-1 8115 1
-1 24507 1
-1 8125 1
-1 8132 1
-1 8134 1
-1 8135 1
-1 24519 1
-1 8137 1
-1 8138 1
-1 8140 1
-1 24526 1
-1 8147 1
-1 8150 1
-1 24535 1
-1 8152 1
-1 8153 1
-1 8162 1
-1 24551 1
-1 8177 1
-1 24564 1
-1 8182 1
-1 24567 1
-1 8190 1
-1 24589 1
-1 8221 1
-1 24606 1
-1 24615 1
-1 8234 1
-1 8238 1
-1 24627 1
-1 24631 1
-1 8248 1
-1 8259 1
-1 8260 1
-1 8267 1
-1 24661 1
-1 8280 1
-1 8282 1
-1 8286 1
-1 8292 1
-1 8311 1
-1 8314 1
-1 8317 1
-1 8320 1
-1 8322 1
-1 8324 1
-1 8341 1
-1 8351 1
-1 8354 1
-1 8356 1
-1 8358 1
-1 8362 1
-1 8365 1
-1 24751 1
-1 8369 1
-1 8372 1
-1 8373 1
-1 8377 1
-1 8380 1
-1 8383 1
-1 8388 1
-1 8393 1
-1 8397 1
-1 8399 1
-1 8400 1
-1 8401 1
-1 8405 1
-1 8410 1
-1 8412 1
-1 8413 1
-1 8423 1
-1 8426 1
-1 8428 1
-1 24826 1
-1 24827 1
-1 8448 1
-1 24836 1
-1 24837 1
-1 8457 1
-1 24859 1
-1 8477 1
-1 8478 1
-1 24863 1
-1 24874 1
-1 24876 1
-1 24877 1
-1 8500 1
-1 8510 1
-1 8514 1
-1 8517 1
-1 8518 1
-1 8520 1
-1 8521 1
-1 8523 1
-1 8524 1
-1 8525 1
-1 8527 1
-1 8533 1
-1 8536 1
-1 8537 1
-1 8538 1
-1 8557 1
-1 8565 1
-1 8567 1
-1 8570 1
-1 8572 1
-1 8574 1
-1 8576 1
-1 8577 1
-1 8578 1
-1 8579 1
-1 8589 1
-1 8590 1
-1 24977 1
-1 8593 1
-1 8594 1
-1 8598 1
-1 24996 1
-1 8614 1
-1 8620 1
-1 8628 1
-1 8633 1
-1 8635 1
-1 8646 1
-1 8650 1
-1 8654 1
-1 8658 1
-1 8659 1
-1 8660 1
-1 8666 1
-1 8668 1
-1 25053 1
-1 25057 1
-1 8691 1
-1 8692 1
-1 8696 1
-1 25087 1
-1 8705 1
-1 25095 1
-1 8716 1
-1 8717 1
-1 8732 1
-1 8738 1
-1 8741 1
-1 8745 1
-1 8746 1
-1 25131 1
-1 8747 1
-1 8750 1
-1 8751 1
-1 8762 1
-1 25146 1
-1 25149 1
-1 25150 1
-1 8768 1
-1 25157 1
-1 25160 1
-1 25161 1
-1 25162 1
-1 25163 1
-1 8776 1
-1 8784 1
-1 8787 1
-1 8788 1
-1 25179 1
-1 8799 1
-1 8800 1
-1 8801 1
-1 8805 1
-1 8808 1
-1 8810 1
-1 8818 1
-1 25219 1
-1 25222 1
-1 25228 1
-1 8855 1
-1 25243 1
-1 25244 1
-1 25245 1
-1 25246 1
-1 8863 1
-1 25248 1
-1 25249 1
-1 25247 1
-1 8881 1
-1 8882 1
-1 8889 1
-1 8892 1
-1 25276 1
-1 8894 1
-1 8895 1
-1 8896 1
-1 8897 1
-1 25282 1
-1 8899 1
-1 25284 1
-1 18051 1
-1 25287 1
-1 8905 1
-1 18052 1
-1 8921 1
-1 8922 1
-1 25305 1
-1 8930 1
-1 25316 1
-1 8932 1
-1 25320 1
-1 8940 1
-1 25325 1
-1 8942 1
-1 8944 1
-1 25330 1
-1 25334 1
-1 8951 1
-1 8958 1
-1 8966 1
-1 8972 1
-1 8973 1
-1 8975 1
-1 25362 1
-1 8979 1
-1 8983 1
-1 8989 1
-1 25375 1
-1 8995 1
-1 8999 1
-1 9001 1
-1 9004 1
-1 25389 1
-1 9005 1
-1 9008 1
-1 25397 1
-1 9013 1
-1 9014 1
-1 9015 1
-1 25401 1
-1 9016 1
-1 9019 1
-1 9023 1
-1 25410 1
-1 25411 1
-1 9030 1
-1 9033 1
-1 9034 1
-1 9037 1
-1 9042 1
-1 25426 1
-1 9044 1
-1 25431 1
-1 9048 1
-1 9054 1
-1 9056 1
-1 9057 1
-1 9060 1
-1 9062 1
-1 25447 1
-1 9064 1
-1 25482 1
-1 25483 1
-1 9100 1
-1 9105 1
-1 25491 1
-1 9110 1
-1 25496 1
-1 25518 1
-1 9136 1
-1 9138 1
-1 9141 1
-1 9142 1
-1 25527 1
-1 9144 1
-1 9146 1
-1 9147 1
-1 9148 1
-1 9149 1
-1 25535 1
-1 25536 1
-1 9153 1
-1 9151 1
-1 9157 1
-1 25545 1
-1 25558 1
-1 9176 1
-1 25565 1
-1 9183 1
-1 9186 1
-1 9188 1
-1 25573 1
-1 25575 1
-1 9199 1
-1 9200 1
-1 25589 1
-1 9208 1
-1 9210 1
-1 9215 1
-1 9218 1
-1 25603 1
-1 9228 1
-1 9233 1
-1 25618 1
-1 25625 1
-1 9251 1
-1 9257 1
-1 25641 1
-1 25644 1
-1 9262 1
-1 9271 1
-1 25659 1
-1 9278 1
-1 25666 1
-1 25667 1
-1 25668 1
-1 25669 1
-1 25670 1
-1 25671 1
-1 25672 1
-1 25673 1
-1 25674 1
-1 25675 1
-1 9288 1
-1 9292 1
-1 9286 1
-1 9295 1
-1 9289 1
-1 9297 1
-1 25676 1
-1 9299 1
-1 9300 1
-1 9301 1
-1 9302 1
-1 25680 1
-1 9304 1
-1 25685 1
-1 9307 1
-1 25693 1
-1 25694 1
-1 25695 1
-1 25696 1
-1 9310 1
-1 9321 1
-1 25713 1
-1 25714 1
-1 25715 1
-1 25716 1
-1 25717 1
-1 25718 1
-1 25719 1
-1 25720 1
-1 25721 1
-1 25722 1
-1 25723 1
-1 25724 1
-1 25725 1
-1 25726 1
-1 25727 1
-1 25728 1
-1 25729 1
-1 25730 1
-1 25731 1
-1 25732 1
-1 25733 1
-1 25734 1
-1 25738 1
-1 25739 1
-1 25741 1
-1 9365 1
-1 25770 1
-1 25775 1
-1 25785 1
-1 9405 1
-1 9417 1
-1 9421 1
-1 9422 1
-1 9423 1
-1 9426 1
-1 9443 1
-1 9454 1
-1 9462 1
-1 9466 1
-1 9469 1
-1 9479 1
-1 9485 1
-1 9488 1
-1 9497 1
-1 25883 1
-1 25884 1
-1 25885 1
-1 25886 1
-1 25887 1
-1 25888 1
-1 25889 1
-1 25890 1
-1 25891 1
-1 9510 1
-1 9511 1
-1 25899 1
-1 9520 1
-1 9522 1
-1 25916 1
-1 9537 1
-1 9538 1
-1 9558 1
-1 9565 1
-1 9577 1
-1 25967 1
-1 25972 1
-1 9591 1
-1 25981 1
-1 25982 1
-1 25983 1
-1 25984 1
-1 25985 1
-1 25986 1
-1 25987 1
-1 25988 1
-1 25989 1
-1 25990 1
-1 25991 1
-1 25992 1
-1 25993 1
-1 9607 1
-1 25998 1
-1 25999 1
-1 9617 1
-1 9622 1
-1 9630 1
-1 9636 1
-1 26035 1
-1 9657 1
-1 26052 1
-1 26055 1
-1 26056 1
-1 26057 1
-1 9673 1
-1 26058 1
-1 26065 1
-1 26071 1
-1 26072 1
-1 26073 1
-1 9697 1
-1 9702 1
-1 9703 1
-1 9704 1
-1 9705 1
-1 9706 1
-1 9707 1
-1 9708 1
-1 9709 1
-1 9710 1
-1 9711 1
-1 9712 1
-1 9713 1
-1 9714 1
-1 9715 1
-1 9716 1
-1 9717 1
-1 9718 1
-1 9719 1
-1 9720 1
-1 9721 1
-1 9722 1
-1 9723 1
-1 9724 1
-1 26109 1
-1 26110 1
-1 26111 1
-1 9728 1
-1 9729 1
-1 9730 1
-1 9731 1
-1 9732 1
-1 9733 1
-1 9734 1
-1 9735 1
-1 9736 1
-1 9737 1
-1 9738 1
-1 9739 1
-1 9740 1
-1 9741 1
-1 9742 1
-1 26127 1
-1 26128 1
-1 26129 1
-1 26130 1
-1 26131 1
-1 26132 1
-1 26133 1
-1 26134 1
-1 26135 1
-1 26136 1
-1 9747 1
-1 9748 1
-1 26139 1
-1 9751 1
-1 9752 1
-1 9753 1
-1 9754 1
-1 9755 1
-1 9756 1
-1 9757 1
-1 26147 1
-1 26148 1
-1 26149 1
-1 26150 1
-1 26151 1
-1 9759 1
-1 9760 1
-1 9761 1
-1 9762 1
-1 9763 1
-1 9764 1
-1 9765 1
-1 9766 1
-1 9767 1
-1 9772 1
-1 9769 1
-1 9770 1
-1 9771 1
-1 9773 1
-1 9777 1
-1 9785 1
-1 9789 1
-1 9794 1
-1 9796 1
-1 9800 1
-1 9802 1
-1 9803 1
-1 9804 1
-1 26195 1
-1 9815 1
-1 9817 1
-1 9818 1
-1 9819 1
-1 26204 1
-1 9820 1
-1 9821 1
-1 9826 1
-1 9829 1
-1 26216 1
-1 26218 1
-1 9835 1
-1 26221 1
-1 26222 1
-1 26223 1
-1 26224 1
-1 26225 1
-1 26226 1
-1 26227 1
-1 26228 1
-1 26229 1
-1 9841 1
-1 9845 1
-1 26233 1
-1 26234 1
-1 26235 1
-1 26236 1
-1 26237 1
-1 26238 1
-1 26240 1
-1 9859 1
-1 26250 1
-1 26251 1
-1 9868 1
-1 26252 1
-1 9870 1
-1 26253 1
-1 26254 1
-1 26255 1
-1 26256 1
-1 26257 1
-1 26258 1
-1 9884 1
-1 9885 1
-1 9886 1
-1 9888 1
-1 9905 1
-1 26292 1
-1 26293 1
-1 26294 1
-1 9911 1
-1 9912 1
-1 26295 1
-1 26296 1
-1 9915 1
-1 26297 1
-1 9928 1
-1 9937 1
-1 26336 1
-1 26337 1
-1 26338 1
-1 9956 1
-1 9966 1
-1 26351 1
-1 9969 1
-1 9976 1
-1 9981 1
-1 9987 1
-1 9989 1
-1 9998 1
-1 9999 1
-1 10000 1
-1 26407 1
-1 26408 1
-1 26409 1
-1 10029 1
-1 10037 1
-1 10040 1
-1 26432 1
-1 10052 1
-1 10083 1
-1 26471 1
-1 10108 1
-1 10130 1
-1 10142 1
-1 10145 1
-1 10146 1
-1 10149 1
-1 10150 1
-1 10152 1
-1 10154 1
-1 10155 1
-1 10156 1
-1 10160 1
-1 10171 1
-1 10182 1
-1 10193 1
-1 10196 1
-1 10198 1
-1 10204 1
-1 10205 1
-1 10207 1
-1 10213 1
-1 18312 1
-1 10216 1
-1 10222 1
-1 10223 1
-1 10232 1
-1 10240 1
-1 10243 1
-1 10246 1
-1 10250 1
-1 10251 1
-1 10256 1
-1 10257 1
-1 26643 1
-1 26644 1
-1 10260 1
-1 10271 1
-1 10274 1
-1 26666 1
-1 10292 1
-1 10293 1
-1 10296 1
-1 10297 1
-1 10308 1
-1 10312 1
-1 10314 1
-1 10338 1
-1 10343 1
-1 10355 1
-1 10356 1
-1 10359 1
-1 10369 1
-1 10380 1
-1 10381 1
-1 10385 1
-1 10388 1
-1 10393 1
-1 10398 1
-1 10401 1
-1 10402 1
-1 10405 1
-1 10406 1
-1 10407 1
-1 10409 1
-1 10411 1
-1 10414 1
-1 10415 1
-1 10416 1
-1 10420 1
-1 10421 1
-1 10429 1
-1 10439 1
-1 10480 1
-1 10491 1
-1 10494 1
-1 10495 1
-1 10508 1
-1 10510 1
-1 10515 1
-1 10518 1
-1 10519 1
-1 10522 1
-1 10523 1
-1 10525 1
-1 10527 1
-1 10528 1
-1 10529 1
-1 10532 1
-1 10557 1
-1 10566 1
-1 10567 1
-1 10578 1
-1 10579 1
-1 10580 1
-1 10581 1
-1 10584 1
-1 10586 1
-1 10593 1
-1 10596 1
-1 10597 1
-1 10598 1
-1 10599 1
-1 10600 1
-1 10612 1
-1 10614 1
-1 10618 1
-1 10619 1
-1 10621 1
-1 10626 1
-1 10632 1
-1 10633 1
-1 10634 1
-1 10635 1
-1 10636 1
-1 10637 1
-1 10638 1
-1 10639 1
-1 10640 1
-1 10641 1
-1 10642 1
-1 10643 1
-1 10644 1
-1 10645 1
-1 10646 1
-1 10647 1
-1 10648 1
-1 10649 1
-1 10650 1
-1 10651 1
-1 10652 1
-1 10653 1
-1 10654 1
-1 10655 1
-1 10656 1
-1 10657 1
-1 10658 1
-1 10659 1
-1 10671 1
-1 10677 1
-1 10680 1
-1 10684 1
-1 27088 1
-1 10706 1
-1 10711 1
-1 10714 1
-1 10721 1
-1 10725 1
-1 10728 1
-1 10730 1
-1 10733 1
-1 10734 1
-1 10736 1
-1 27122 1
-1 10739 1
-1 10740 1
-1 10743 1
-1 10745 1
-1 10754 1
-1 10760 1
-1 27149 1
-1 27150 1
-1 10767 1
-1 10769 1
-1 10774 1
-1 10775 1
-1 10776 1
-1 10793 1
-1 27187 1
-1 27188 1
-1 27189 1
-1 27190 1
-1 10814 1
-1 10822 1
-1 10824 1
-1 10825 1
-1 10853 1
-1 10869 1
-1 10881 1
-1 10884 1
-1 10885 1
-1 10888 1
-1 10889 1
-1 10893 1
-1 10921 1
-1 10924 1
-1 10925 1
-1 10932 1
-1 10936 1
-1 27320 1
-1 10938 1
-1 10962 1
-1 10963 1
-1 10964 1
-1 10974 1
-1 10976 1
-1 10984 1
-1 10986 1
-1 10989 1
-1 10990 1
-1 10992 1
-1 10993 1
-1 10995 1
-1 10997 1
-1 11010 1
-1 11011 1
-1 11017 1
-1 27403 1
-1 27404 1
-1 11021 1
-1 11022 1
-1 27405 1
-1 11024 1
-1 11025 1
-1 11026 1
-1 27406 1
-1 11028 1
-1 11029 1
-1 11030 1
-1 11031 1
-1 11042 1
-1 11075 1
-1 11083 1
-1 11095 1
-1 11121 1
-1 11126 1
-1 11129 1
-1 11130 1
-1 11131 1
-1 11132 1
-1 11135 1
-1 11139 1
-1 11145 1
-1 11156 1
-1 11157 1
-1 11158 1
-1 11161 1
-1 11164 1
-1 11165 1
-1 11170 1
-1 11172 1
-1 11200 1
-1 11202 1
-1 11205 1
-1 11206 1
-1 11207 1
-1 11213 1
-1 11214 1
-1 11220 1
-1 11225 1
-1 11243 1
-1 11250 1
-1 11253 1
-1 11254 1
-1 11269 1
-1 11270 1
-1 11272 1
-1 11273 1
-1 11275 1
-1 11280 1
-1 11282 1
-1 11286 1
-1 11300 1
-1 11307 1
-1 11308 1
-1 11311 1
-1 11315 1
-1 11337 1
-1 11341 1
-1 11343 1
-1 11347 1
-1 11352 1
-1 11356 1
-1 11357 1
-1 11366 1
-1 11367 1
-1 11373 1
-1 11379 1
-1 11380 1
-1 11385 1
-1 11387 1
-1 11400 1
-1 11406 1
-1 11407 1
-1 11417 1
-1 11435 1
-1 11436 1
-1 11437 1
-1 11438 1
-1 11439 1
-1 11440 1
-1 11441 1
-1 11442 1
-1 11443 1
-1 11444 1
-1 11445 1
-1 11446 1
-1 11447 1
-1 11448 1
-1 11449 1
-1 11450 1
-1 11451 1
-1 11452 1
-1 11453 1
-1 11454 1
-1 11455 1
-1 11456 1
-1 11457 1
-1 11458 1
-1 11459 1
-1 11460 1
-1 11461 1
-1 11462 1
-1 11463 1
-1 11464 1
-1 11465 1
-1 11466 1
-1 11467 1
-1 11468 1
-1 11469 1
-1 11470 1
-1 11471 1
-1 11472 1
-1 11473 1
-1 11474 1
-1 11475 1
-1 11476 1
-1 11477 1
-1 11478 1
-1 11479 1
-1 11480 1
-1 11481 1
-1 11482 1
-1 11483 1
-1 11484 1
-1 11485 1
-1 11486 1
-1 11487 1
-1 11488 1
-1 11489 1
-1 11490 1
-1 11491 1
-1 11492 1
-1 11493 1
-1 11494 1
-1 11495 1
-1 11496 1
-1 11497 1
-1 11498 1
-1 11499 1
-1 11500 1
-1 11501 1
-1 11502 1
-1 11538 1
-1 11550 1
-1 11552 1
-1 11555 1
-1 11574 1
-1 11577 1
-1 11580 1
-1 11609 1
-1 5564 1
-1 11627 1
-1 11644 1
-1 11670 1
-1 11678 1
-1 11687 1
-1 11732 1
-1 11733 1
-1 11736 1
-1 11739 1
-1 11740 1
-1 11750 1
-1 11777 1
-1 11781 1
-1 11786 1
-1 11788 1
-1 11799 1
-1 11817 1
-1 11837 1
-1 11839 1
-1 11843 1
-1 11852 1
-1 11854 1
-1 11866 1
-1 11875 1
-1 11878 1
-1 11889 1
-1 11896 1
-1 11901 1
-1 11908 1
-1 11914 1
-1 11915 1
-1 11916 1
-1 11917 1
-1 11918 1
-1 11919 1
-1 11920 1
-1 11926 1
-1 11932 1
-1 11933 1
-1 11934 1
-1 11935 1
-1 11936 1
-1 11937 1
-1 11938 1
-1 11939 1
-1 11940 1
-1 11941 1
-1 11944 1
-1 11948 1
-1 11949 1
-1 11950 1
-1 11952 1
-1 11955 1
-1 11956 1
-1 11962 1
-1 11963 1
-1 11968 1
-1 11971 1
-1 11972 1
-1 11973 1
-1 11974 1
-1 11975 1
-1 11976 1
-1 11979 1
-1 11980 1
-1 11983 1
-1 11984 1
-1 11985 1
-1 11986 1
-1 11987 1
-1 11989 1
-1 11990 1
-1 11991 1
-1 11992 1
-1 11993 1
-1 11994 1
-1 11995 1
-1 11998 1
-1 12012 1
-1 12014 1
-1 12021 1
-1 12032 1
-1 12047 1
-1 12048 1
-1 12054 1
-1 12056 1
-1 12061 1
-1 12065 1
-1 12066 1
-1 12067 1
-1 12072 1
-1 12078 1
-1 12099 1
-1 12105 1
-1 21951 1
-1 12138 1
-1 12148 1
-1 12151 1
-1 12159 1
-1 12190 1
-1 12191 1
-1 12233 1
-1 12242 1
-1 12245 1
-1 12251 1
-1 12252 1
-1 12253 1
-1 12285 1
-1 12286 1
-1 12295 1
-1 12299 1
-1 12306 1
-1 12308 1
-1 12326 1
-1 12333 1
-1 12336 1
-1 12340 1
-1 12351 1
-1 12358 1
-1 12376 1
-1 12380 1
-1 12394 1
-1 12401 1
-1 12402 1
-1 12432 1
-1 12439 1
-1 12470 1
-1 12475 1
-1 12514 1
-1 12532 1
-1 12557 1
-1 12570 1
-1 12585 1
-1 12586 1
-1 12588 1
-1 12644 1
-1 12712 1
-1 12724 1
-1 12734 1
-1 12737 1
-1 12738 1
-1 12741 1
-1 12745 1
-1 12755 1
-1 12757 1
-1 12763 1
-1 12771 1
-1 12773 1
-1 12831 1
-1 12841 1
-1 12847 1
-1 12855 1
-1 12870 1
-1 12881 1
-1 12882 1
-1 12883 1
-1 12884 1
-1 12886 1
-1 12887 1
-1 12908 1
-1 12919 1
-1 12921 1
-1 12933 1
-1 12936 1
-1 12944 1
-1 12965 1
-1 12966 1
-1 12967 1
-1 12968 1
-1 13003 1
-1 13126 1
-1 13127 1
-1 13136 1
-1 13156 1
-1 13174 1
-1 13176 1
-1 13177 1
-1 13211 1
-1 13212 1
-1 13216 1
-1 13217 1
-1 13222 1
-1 13230 1
-1 13244 1
-1 13245 1
-1 13255 1
-1 13278 1
-1 13309 1
-1 13312 1
-1 13319 1
-1 13323 1
-1 13326 1
-1 13333 1
-1 13389 1
-1 13395 1
-1 13398 1
-1 13399 1
-1 13400 1
-1 13401 1
-1 13402 1
-1 13403 1
-1 13406 1
-1 13409 1
-1 13410 1
-1 13411 1
-1 13412 1
-1 13413 1
-1 13414 1
-1 13415 1
-1 13416 1
-1 13417 1
-1 13419 1
-1 13423 1
-1 13424 1
-1 13433 1
-1 13441 1
-1 13448 1
-1 13449 1
-1 13458 1
-1 13463 1
-1 13526 1
-1 13527 1
-1 13533 1
-1 13564 1
-1 13577 1
-1 13612 1
-1 13667 1
-1 13712 1
-1 13718 1
-1 13739 1
-1 13745 1
-1 13760 1
-1 13768 1
-1 13780 1
-1 13785 1
-1 13790 1
-1 13791 1
-1 13792 1
-1 13815 1
-1 19028 1
-1 19029 1
-1 13831 1
-1 13832 1
-1 13835 1
-1 13836 1
-1 13839 1
-1 13845 1
-1 13847 1
-1 13852 1
-1 13886 1
-1 13897 1
-1 13901 1
-1 13920 1
-1 13921 1
-1 13926 1
-1 13948 1
-1 13950 1
-1 13989 1
-1 13991 1
-1 14004 1
-1 14009 1
-1 14017 1
-1 14020 1
-1 14021 1
-1 14022 1
-1 14027 1
-1 14029 1
-1 14030 1
-1 14033 1
-1 14036 1
-1 14038 1
-1 14044 1
-1 14049 1
-1 14053 1
-1 14056 1
-1 14058 1
-1 14070 1
-1 14073 1
-1 14084 1
-1 14088 1
-1 14093 1
-1 14120 1
-1 14162 1
-1 14170 1
-1 14171 1
-1 14175 1
-1 14177 1
-1 14178 1
-1 14183 1
-1 14184 1
-1 14185 1
-1 14186 1
-1 14188 1
-1 14192 1
-1 14195 1
-1 14196 1
-1 14197 1
-1 14198 1
-1 14201 1
-1 14213 1
-1 14216 1
-1 14219 1
-1 14224 1
-1 14228 1
-1 14236 1
-1 14258 1
-1 14262 1
-1 14268 1
-1 14271 1
-1 14292 1
-1 14302 1
-1 14304 1
-1 14323 1
-1 14329 1
-1 14341 1
-1 14347 1
-1 14357 1
-1 14366 1
-1 14391 1
-1 14392 1
-1 14406 1
-1 14412 1
-1 14414 1
-1 14419 1
-1 14420 1
-1 14421 1
-1 14422 1
-1 14423 1
-1 14424 1
-1 14425 1
-1 14426 1
-1 14429 1
-1 14430 1
-1 14432 1
-1 14433 1
-1 14434 1
-1 14437 1
-1 14445 1
-1 14450 1
-1 14462 1
-1 14488 1
-1 14504 1
-1 14505 1
-1 14509 1
-1 14512 1
-1 14528 1
-1 14537 1
-1 14552 1
-1 14554 1
-1 14555 1
-1 14556 1
-1 14558 1
-1 14559 1
-1 14561 1
-1 14562 1
-1 14572 1
-1 14597 1
-1 14606 1
-1 14623 1
-1 14638 1
-1 14641 1
-1 14645 1
-1 14653 1
-1 14654 1
-1 14658 1
-1 14664 1
-1 14682 1
-1 6176 1
-1 14691 1
-1 14698 1
-1 14708 1
-1 6181 1
-1 14715 1
-1 14723 1
-1 14725 1
-1 14729 1
-1 14735 1
-1 6185 1
-1 14756 1
-1 14761 1
-1 14785 1
-1 14824 1
-1 14849 1
-1 14850 1
-1 14855 1
-1 14857 1
-1 14858 1
-1 14859 1
-1 14861 1
-1 14873 1
-1 14879 1
-1 14886 1
-1 14898 1
-1 14904 1
-1 14921 1
-1 14922 1
-1 14940 1
-1 14949 1
-1 14952 1
-1 14964 1
-1 14997 1
-1 14998 1
-1 15014 1
-1 15015 1
-1 15037 1
-1 15043 1
-1 15049 1
-1 15076 1
-1 15080 1
-1 15105 1
-1 15109 1
-1 15114 1
-1 15124 1
-1 15129 1
-1 15134 1
-1 15141 1
-1 15143 1
-1 15144 1
-1 15145 1
-1 15147 1
-1 15148 1
-1 15159 1
-1 15160 1
-1 15162 1
-1 15163 1
-1 15186 1
-1 15192 1
-1 15207 1
-1 15294 1
-1 15324 1
-1 15335 1
-1 15336 1
-1 15338 1
-1 15351 1
-1 15396 1
-1 15417 1
-1 15420 1
-1 15427 1
-1 15440 1
-1 15444 1
-1 15448 1
-1 15449 1
-1 15450 1
-1 15472 1
-1 15482 1
-1 15483 1
-1 15509 1
-1 9598 1
-1 15525 1
-1 15527 1
-1 15531 1
-1 15533 1
-1 15534 1
-1 15540 1
-1 15542 1
-1 15550 1
-1 15558 1
-1 15564 1
-1 15566 1
-1 15567 1
-1 15577 1
-1 15580 1
-1 15596 1
-1 15608 1
-1 15624 1
-1 15627 1
-1 15633 1
-1 15634 1
-1 15647 1
-1 15648 1
-1 15650 1
-1 15655 1
-1 15656 1
-1 15674 1
-1 15676 1
-1 15679 1
-1 15681 1
-1 15682 1
-1 15683 1
-1 15686 1
-1 15691 1
-1 15694 1
-1 15698 1
-1 15699 1
-1 15700 1
-1 15701 1
-1 15702 1
-1 15703 1
-1 15704 1
-1 15705 1
-1 15706 1
-1 15707 1
-1 15708 1
-1 15709 1
-1 15710 1
-1 15711 1
-1 15712 1
-1 15713 1
-1 15714 1
-1 15715 1
-1 15716 1
-1 15717 1
-1 15718 1
-1 15719 1
-1 15720 1
-1 15721 1
-1 15722 1
-1 15723 1
-1 15724 1
-1 15725 1
-1 15726 1
-1 15727 1
-1 15728 1
-1 15729 1
-1 15730 1
-1 15731 1
-1 15732 1
-1 15733 1
-1 15734 1
-1 15735 1
-1 15736 1
-1 15737 1
-1 15738 1
-1 15739 1
-1 15740 1
-1 15741 1
-1 15742 1
-1 15743 1
-1 15744 1
-1 15745 1
-1 15746 1
-1 15747 1
-1 15748 1
-1 15749 1
-1 15750 1
-1 15751 1
-1 15752 1
-1 15753 1
-1 15754 1
-1 15755 1
-1 15756 1
-1 15757 1
-1 15758 1
-1 15759 1
-1 15760 1
-1 15761 1
-1 15762 1
-1 15763 1
-1 15764 1
-1 15765 1
-1 15766 1
-1 15767 1
-1 15768 1
-1 15769 1
-1 15770 1
-1 15771 1
-1 15772 1
-1 15773 1
-1 15774 1
-1 15775 1
-1 15776 1
-1 15777 1
-1 15778 1
-1 15779 1
-1 15780 1
-1 15781 1
-1 15782 1
-1 15783 1
-1 15784 1
-1 15785 1
-1 15786 1
-1 15787 1
-1 15788 1
-1 15789 1
-1 15790 1
-1 15791 1
-1 15792 1
-1 15793 1
-1 15794 1
-1 15795 1
-1 15796 1
-1 15797 1
-1 15798 1
-1 15799 1
-1 15800 1
-1 15801 1
-1 15802 1
-1 15803 1
-1 15804 1
-1 15805 1
-1 15806 1
-1 15807 1
-1 15808 1
-1 15814 1
-1 15818 1
-1 15832 1
-1 15836 1
-1 15842 1
-1 15844 1
-1 15861 1
-1 15865 1
-1 15866 1
-1 15867 1
-1 15884 1
-1 15885 1
-1 15886 1
-1 15887 1
-1 15888 1
-1 15889 1
-1 15890 1
-1 15891 1
-1 15892 1
-1 15893 1
-1 15894 1
-1 15895 1
-1 15896 1
-1 15897 1
-1 15898 1
-1 15899 1
-1 15900 1
-1 15907 1
-1 15913 1
-1 15915 1
-1 15916 1
-1 15918 1
-1 15934 1
-1 15938 1
-1 15949 1
-1 15966 1
-1 15992 1
-1 15995 1
-1 15997 1
-1 16014 1
-1 16035 1
-1 16045 1
-1 16047 1
-1 16067 1
-1 16076 1
-1 16085 1
-1 16088 1
-1 16103 1
-1 16104 1
-1 16105 1
-1 16115 1
-1 16134 1
-1 16135 1
-1 16136 1
-1 16137 1
-1 16138 1
-1 16139 1
-1 16140 1
-1 16141 1
-1 16142 1
-1 16143 1
-1 16144 1
-1 16145 1
-1 16146 1
-1 16147 1
-1 16148 1
-1 16149 1
-1 16150 1
-1 16151 1
-1 16152 1
-1 16153 1
-1 16154 1
-1 16155 1
-1 16156 1
-1 16157 1
-1 16158 1
-1 16159 1
-1 16160 1
-1 9725 1
-1 16161 1
-1 16162 1
-1 9726 1
-1 9727 1
-1 16178 1
-1 16190 1
-1 16194 1
-1 16247 1
-1 9743 1
-1 16252 1
-1 9744 1
-1 16261 1
-1 9745 1
-1 9746 1
-1 16273 1
-1 16274 1
-1 16277 1
-1 16278 1
-1 16279 1
-1 16280 1
-1 9749 1
-1 16286 1
-1 9750 1
-1 9758 1
-1 16329 1
-1 16340 1
-1 16349 1
-1 16357 1
-1 9768 1
