-1 0 1
-1 1 1
-1 2 1
-1 3 1
-1 5 1
-1 6 1
-1 7 1
-1 8 1
-1 9 1
-1 10 1
-1 11 1
-1 12 1
-1 13 1
-1 15 1
-1 16 1
-1 16399 1
-1 18 1
-1 16402 1
-1 16403 1
-1 21 1
-1 22 1
-1 23 1
-1 16406 1
-1 25 1
-1 26 1
-1 27 1
-1 28 1
-1 29 1
-1 31 1
-1 32 1
-1 34 1
-1 35 1
-1 36 1
-1 37 1
-1 38 1
-1 39 1
-1 40 1
-1 42 1
-1 16426 1
-1 16431 1
-1 16433 1
-1 51 1
-1 52 1
-1 53 1
-1 54 1
-1 56 1
-1 57 1
-1 58 1
-1 59 1
-1 60 1
-1 61 1
-1 62 1
-1 63 1
-1 64 1
-1 16446 1
-1 67 1
-1 68 1
-1 69 1
-1 70 1
-1 71 1
-1 72 1
-1 73 1
-1 16451 1
-1 75 1
-1 76 1
-1 77 1
-1 78 1
-1 74 1
-1 80 1
-1 81 1
-1 82 1
-1 86 1
-1 87 1
-1 88 1
-1 89 1
-1 90 1
-1 91 1
-1 92 1
-1 94 1
-1 95 1
-1 98 1
-1 99 1
-1 100 1
-1 101 1
-1 102 1
-1 104 1
-1 105 1
-1 106 1
-1 107 1
-1 109 1
-1 110 1
-1 111 1
-1 113 1
-1 114 1
-1 16497 1
-1 16501 1
-1 16504 1
-1 124 1
-1 16512 1
-1 128 1
-1 16514 1
-1 129 1
-1 16517 1
-1 16518 1
-1 16523 1
-1 146 1
-1 147 1
-1 148 1
-1 149 1
-1 16534 1
-1 16538 1
-1 16542 1
-1 158 1
-1 160 1
-1 162 1
-1 16546 1
-1 165 1
-1 168 1
-1 169 1
-1 16552 1
-1 16553 1
-1 16555 1
-1 16557 1
-1 16554 1
-1 16565 1
-1 16568 1
-1 189 1
-1 191 1
-1 16576 1
-1 16578 1
-1 196 1
-1 197 1
-1 198 1
-1 199 1
-1 201 1
-1 202 1
-1 16587 1
-1 203 1
-1 206 1
-1 207 1
-1 224 1
-1 16609 1
-1 227 1
-1 235 1
-1 16622 1
-1 242 1
-1 16635 1
-1 258 1
-1 261 1
-1 262 1
-1 268 1
-1 277 1
-1 16668 1
-1 285 1
-1 16676 1
-1 16686 1
-1 16690 1
-1 16691 1
-1 16692 1
-1 311 1
-1 313 1
-1 314 1
-1 19602 1
-1 323 1
-1 16711 1
-1 328 1
-1 16715 1
-1 19606 1
-1 16732 1
-1 16733 1
-1 16735 1
-1 16736 1
-1 362 1
-1 16748 1
-1 16760 1
-1 384 1
-1 386 1
-1 387 1
-1 388 1
-1 389 1
-1 390 1
-1 391 1
-1 392 1
-1 393 1
-1 394 1
-1 395 1
-1 396 1
-1 397 1
-1 398 1
-1 399 1
-1 400 1
-1 401 1
-1 402 1
-1 403 1
-1 404 1
-1 405 1
-1 406 1
-1 407 1
-1 408 1
-1 409 1
-1 410 1
-1 411 1
-1 412 1
-1 413 1
-1 414 1
-1 415 1
-1 416 1
-1 417 1
-1 418 1
-1 419 1
-1 420 1
-1 421 1
-1 422 1
-1 423 1
-1 424 1
-1 425 1
-1 426 1
-1 427 1
-1 428 1
-1 429 1
-1 430 1
-1 431 1
-1 432 1
-1 433 1
-1 434 1
-1 435 1
-1 436 1
-1 437 1
-1 438 1
-1 439 1
-1 440 1
-1 441 1
-1 442 1
-1 443 1
-1 446 1
-1 449 1
-1 451 1
-1 452 1
-1 454 1
-1 456 1
-1 457 1
-1 458 1
-1 459 1
-1 460 1
-1 461 1
-1 462 1
-1 463 1
-1 465 1
-1 467 1
-1 468 1
-1 469 1
-1 470 1
-1 471 1
-1 472 1
-1 473 1
-1 474 1
-1 476 1
-1 477 1
-1 479 1
-1 480 1
-1 481 1
-1 482 1
-1 483 1
-1 16863 1
-1 485 1
-1 16864 1
-1 487 1
-1 488 1
-1 16865 1
-1 490 1
-1 491 1
-1 16867 1
-1 493 1
-1 16869 1
-1 16879 1
-1 496 1
-1 16872 1
-1 16873 1
-1 16874 1
-1 16875 1
-1 16882 1
-1 502 1
-1 503 1
-1 507 1
-1 508 1
-1 512 1
-1 513 1
-1 514 1
-1 518 1
-1 521 1
-1 522 1
-1 526 1
-1 530 1
-1 531 1
-1 532 1
-1 534 1
-1 535 1
-1 536 1
-1 537 1
-1 538 1
-1 539 1
-1 16924 1
-1 542 1
-1 545 1
-1 546 1
-1 549 1
-1 550 1
-1 553 1
-1 555 1
-1 556 1
-1 557 1
-1 558 1
-1 559 1
-1 560 1
-1 561 1
-1 562 1
-1 563 1
-1 565 1
-1 566 1
-1 567 1
-1 568 1
-1 569 1
-1 570 1
-1 571 1
-1 572 1
-1 573 1
-1 574 1
-1 575 1
-1 576 1
-1 577 1
-1 578 1
-1 579 1
-1 580 1
-1 581 1
-1 582 1
-1 583 1
-1 584 1
-1 585 1
-1 586 1
-1 16967 1
-1 588 1
-1 16972 1
-1 591 1
-1 592 1
-1 16977 1
-1 596 1
-1 597 1
-1 598 1
-1 600 1
-1 16984 1
-1 602 1
-1 603 1
-1 604 1
-1 606 1
-1 608 1
-1 609 1
-1 610 1
-1 611 1
-1 612 1
-1 613 1
-1 614 1
-1 615 1
-1 616 1
-1 617 1
-1 16998 1
-1 16404 1
-1 621 1
-1 622 1
-1 623 1
-1 625 1
-1 626 1
-1 627 1
-1 629 1
-1 17014 1
-1 633 1
-1 635 1
-1 637 1
-1 17022 1
-1 638 1
-1 640 1
-1 644 1
-1 17031 1
-1 649 1
-1 650 1
-1 651 1
-1 17034 1
-1 654 1
-1 655 1
-1 656 1
-1 662 1
-1 664 1
-1 17050 1
-1 17051 1
-1 668 1
-1 675 1
-1 17061 1
-1 17062 1
-1 678 1
-1 680 1
-1 682 1
-1 683 1
-1 685 1
-1 686 1
-1 687 1
-1 689 1
-1 691 1
-1 692 1
-1 694 1
-1 696 1
-1 698 1
-1 700 1
-1 701 1
-1 702 1
-1 703 1
-1 704 1
-1 17086 1
-1 707 1
-1 708 1
-1 709 1
-1 710 1
-1 711 1
-1 17096 1
-1 17095 1
-1 713 1
-1 714 1
-1 716 1
-1 717 1
-1 718 1
-1 719 1
-1 720 1
-1 17105 1
-1 722 1
-1 726 1
-1 727 1
-1 729 1
-1 730 1
-1 731 1
-1 732 1
-1 733 1
-1 17117 1
-1 735 1
-1 736 1
-1 17121 1
-1 740 1
-1 741 1
-1 742 1
-1 744 1
-1 746 1
-1 747 1
-1 748 1
-1 750 1
-1 751 1
-1 752 1
-1 17135 1
-1 17136 1
-1 755 1
-1 754 1
-1 764 1
-1 765 1
-1 769 1
-1 17155 1
-1 772 1
-1 774 1
-1 775 1
-1 779 1
-1 780 1
-1 781 1
-1 782 1
-1 783 1
-1 17168 1
-1 784 1
-1 786 1
-1 17167 1
-1 788 1
-1 789 1
-1 790 1
-1 787 1
-1 792 1
-1 794 1
-1 796 1
-1 798 1
-1 802 1
-1 803 1
-1 805 1
-1 808 1
-1 17193 1
-1 812 1
-1 813 1
-1 816 1
-1 17201 1
-1 818 1
-1 821 1
-1 822 1
-1 823 1
-1 824 1
-1 825 1
-1 17209 1
-1 829 1
-1 832 1
-1 833 1
-1 834 1
-1 838 1
-1 839 1
-1 842 1
-1 17226 1
-1 844 1
-1 845 1
-1 17230 1
-1 847 1
-1 849 1
-1 850 1
-1 17235 1
-1 854 1
-1 855 1
-1 856 1
-1 857 1
-1 858 1
-1 859 1
-1 861 1
-1 862 1
-1 17245 1
-1 17247 1
-1 865 1
-1 867 1
-1 869 1
-1 870 1
-1 871 1
-1 872 1
-1 876 1
-1 877 1
-1 878 1
-1 881 1
-1 882 1
-1 883 1
-1 884 1
-1 892 1
-1 893 1
-1 894 1
-1 895 1
-1 896 1
-1 897 1
-1 898 1
-1 901 1
-1 902 1
-1 903 1
-1 904 1
-1 905 1
-1 906 1
-1 20225 1
-1 907 1
-1 909 1
-1 913 1
-1 914 1
-1 917 1
-1 918 1
-1 919 1
-1 921 1
-1 17309 1
-1 17310 1
-1 931 1
-1 20226 1
-1 935 1
-1 936 1
-1 937 1
-1 17323 1
-1 944 1
-1 946 1
-1 947 1
-1 950 1
-1 953 1
-1 959 1
-1 960 1
-1 17346 1
-1 969 1
-1 970 1
-1 971 1
-1 973 1
-1 974 1
-1 976 1
-1 977 1
-1 978 1
-1 979 1
-1 983 1
-1 984 1
-1 985 1
-1 986 1
-1 987 1
-1 988 1
-1 990 1
-1 992 1
-1 996 1
-1 1000 1
-1 1001 1
-1 1004 1
-1 1007 1
-1 17407 1
-1 1026 1
-1 1028 1
-1 17413 1
-1 17414 1
-1 1031 1
-1 1030 1
-1 1032 1
-1 3463 1
-1 1041 1
-1 1042 1
-1 1044 1
-1 17428 1
-1 17441 1
-1 1059 1
-1 1068 1
-1 17455 1
-1 17456 1
-1 1077 1
-1 1085 1
-1 1108 1
-1 1109 1
-1 17494 1
-1 1112 1
-1 1118 1
-1 1120 1
-1 1121 1
-1 1122 1
-1 1130 1
-1 1132 1
-1 1133 1
-1 1134 1
-1 1135 1
-1 1136 1
-1 17518 1
-1 1141 1
-1 1144 1
-1 1145 1
-1 1147 1
-1 1149 1
-1 1150 1
-1 1151 1
-1 1152 1
-1 1153 1
-1 1154 1
-1 1155 1
-1 1156 1
-1 1157 1
-1 1158 1
-1 1159 1
-1 17550 1
-1 1173 1
-1 1177 1
-1 1178 1
-1 1180 1
-1 17565 1
-1 1184 1
-1 1186 1
-1 1189 1
-1 17575 1
-1 1193 1
-1 1194 1
-1 1196 1
-1 1199 1
-1 1203 1
-1 1204 1
-1 1207 1
-1 1210 1
-1 1212 1
-1 1214 1
-1 17607 1
-1 17608 1
-1 1228 1
-1 1229 1
-1 17613 1
-1 17616 1
-1 1234 1
-1 17618 1
-1 1239 1
-1 1241 1
-1 17626 1
-1 17628 1
-1 1245 1
-1 17631 1
-1 1248 1
-1 1249 1
-1 1254 1
-1 17638 1
-1 17639 1
-1 1257 1
-1 1258 1
-1 1259 1
-1 17643 1
-1 17644 1
-1 1262 1
-1 1263 1
-1 1264 1
-1 1266 1
-1 1272 1
-1 1273 1
-1 1275 1
-1 1276 1
-1 1277 1
-1 1279 1
-1 1280 1
-1 1281 1
-1 1282 1
-1 1283 1
-1 1284 1
-1 1285 1
-1 1286 1
-1 1287 1
-1 1288 1
-1 17670 1
-1 1290 1
-1 1292 1
-1 1293 1
-1 1294 1
-1 1295 1
-1 1296 1
-1 1297 1
-1 1299 1
-1 17683 1
-1 1301 1
-1 1302 1
-1 1303 1
-1 1304 1
-1 1305 1
-1 1306 1
-1 19798 1
-1 1308 1
-1 1309 1
-1 1310 1
-1 17689 1
-1 1312 1
-1 1313 1
-1 17690 1
-1 1311 1
-1 1318 1
-1 1330 1
-1 1332 1
-1 1333 1
-1 1335 1
-1 1336 1
-1 1337 1
-1 1338 1
-1 1342 1
-1 1343 1
-1 1344 1
-1 1345 1
-1 1354 1
-1 1355 1
-1 1356 1
-1 1357 1
-1 1359 1
-1 1360 1
-1 1363 1
-1 1364 1
-1 1366 1
-1 1369 1
-1 1371 1
-1 1372 1
-1 1376 1
-1 1377 1
-1 1378 1
-1 1380 1
-1 1389 1
-1 1394 1
-1 1399 1
-1 1400 1
-1 1401 1
-1 1402 1
-1 1403 1
-1 17791 1
-1 1408 1
-1 1409 1
-1 1410 1
-1 1411 1
-1 1412 1
-1 1413 1
-1 1414 1
-1 1415 1
-1 1416 1
-1 1417 1
-1 1418 1
-1 1419 1
-1 1420 1
-1 1421 1
-1 1422 1
-1 1423 1
-1 1424 1
-1 1425 1
-1 1427 1
-1 1428 1
-1 1429 1
-1 1431 1
-1 17818 1
-1 1436 1
-1 1437 1
-1 1438 1
-1 1443 1
-1 1448 1
-1 1449 1
-1 1450 1
-1 1452 1
-1 1453 1
-1 1457 1
-1 1458 1
-1 17843 1
-1 17847 1
-1 17856 1
-1 1476 1
-1 17861 1
-1 19832 1
-1 1484 1
-1 1489 1
-1 1490 1
-1 1492 1
-1 1493 1
-1 17876 1
-1 1495 1
-1 17879 1
-1 1498 1
-1 1499 1
-1 1500 1
-1 1502 1
-1 1503 1
-1 19838 1
-1 17891 1
-1 1507 1
-1 1509 1
-1 1511 1
-1 1512 1
-1 1518 1
-1 1519 1
-1 1520 1
-1 1521 1
-1 1522 1
-1 1523 1
-1 1524 1
-1 1525 1
-1 1526 1
-1 1527 1
-1 1528 1
-1 1529 1
-1 1530 1
-1 1531 1
-1 1532 1
-1 1533 1
-1 1534 1
-1 1535 1
-1 1536 1
-1 17921 1
-1 1537 1
-1 1538 1
-1 1539 1
-1 1540 1
-1 17926 1
-1 1541 1
-1 1542 1
-1 1543 1
-1 1544 1
-1 1545 1
-1 1546 1
-1 17933 1
-1 17934 1
-1 17931 1
-1 1547 1
-1 1548 1
-1 1549 1
-1 17939 1
-1 17940 1
-1 1550 1
-1 1551 1
-1 17943 1
-1 1552 1
-1 1553 1
-1 1554 1
-1 1555 1
-1 1556 1
-1 1557 1
-1 1558 1
-1 1559 1
-1 1560 1
-1 1561 1
-1 1562 1
-1 1563 1
-1 1564 1
-1 1565 1
-1 1566 1
-1 1567 1
-1 1568 1
-1 1569 1
-1 1570 1
-1 1571 1
-1 1572 1
-1 1573 1
-1 1574 1
-1 1575 1
-1 1576 1
-1 17969 1
-1 1577 1
-1 1578 1
-1 1579 1
-1 17964 1
-1 17966 1
-1 1582 1
-1 1583 1
-1 1584 1
-1 1585 1
-1 1586 1
-1 1587 1
-1 1588 1
-1 1589 1
-1 1590 1
-1 1591 1
-1 1592 1
-1 1593 1
-1 1597 1
-1 1598 1
-1 1599 1
-1 1600 1
-1 1601 1
-1 1602 1
-1 1603 1
-1 1604 1
-1 1605 1
-1 1607 1
-1 1608 1
-1 1609 1
-1 1610 1
-1 1611 1
-1 1612 1
-1 18002 1
-1 1613 1
-1 1614 1
-1 1615 1
-1 1616 1
-1 1617 1
-1 1618 1
-1 1619 1
-1 1620 1
-1 1622 1
-1 1623 1
-1 1621 1
-1 1626 1
-1 1624 1
-1 18008 1
-1 1631 1
-1 1632 1
-1 18018 1
-1 1635 1
-1 1637 1
-1 1640 1
-1 18026 1
-1 18027 1
-1 1644 1
-1 18028 1
-1 18029 1
-1 1647 1
-1 18030 1
-1 1649 1
-1 1650 1
-1 18035 1
-1 1646 1
-1 1653 1
-1 1654 1
-1 1655 1
-1 18040 1
-1 18037 1
-1 1658 1
-1 1659 1
-1 1660 1
-1 18045 1
-1 1662 1
-1 1661 1
-1 1666 1
-1 1667 1
-1 1668 1
-1 1669 1
-1 1670 1
-1 1671 1
-1 1672 1
-1 1673 1
-1 1674 1
-1 1675 1
-1 1676 1
-1 18059 1
-1 18055 1
-1 1679 1
-1 18065 1
-1 1681 1
-1 1684 1
-1 18082 1
-1 1699 1
-1 1704 1
-1 1707 1
-1 1727 1
-1 1731 1
-1 1732 1
-1 1733 1
-1 1734 1
-1 1736 1
-1 1737 1
-1 1738 1
-1 1739 1
-1 1740 1
-1 1741 1
-1 1742 1
-1 1743 1
-1 1744 1
-1 1746 1
-1 1747 1
-1 1749 1
-1 1757 1
-1 18147 1
-1 1769 1
-1 1771 1
-1 1772 1
-1 1776 1
-1 1777 1
-1 1778 1
-1 1779 1
-1 1780 1
-1 1784 1
-1 1786 1
-1 18172 1
-1 18173 1
-1 18176 1
-1 1799 1
-1 1809 1
-1 1812 1
-1 1815 1
-1 1817 1
-1 1818 1
-1 1819 1
-1 18203 1
-1 18211 1
-1 1828 1
-1 1832 1
-1 1836 1
-1 1841 1
-1 18226 1
-1 1847 1
-1 18231 1
-1 1855 1
-1 1856 1
-1 1868 1
-1 18260 1
-1 18261 1
-1 18262 1
-1 18263 1
-1 1880 1
-1 18264 1
-1 1884 1
-1 1886 1
-1 18272 1
-1 1890 1
-1 1891 1
-1 1892 1
-1 1893 1
-1 18274 1
-1 1896 1
-1 1897 1
-1 1900 1
-1 1901 1
-1 1904 1
-1 1906 1
-1 1907 1
-1 1909 1
-1 1910 1
-1 1911 1
-1 18295 1
-1 1916 1
-1 1917 1
-1 1918 1
-1 1919 1
-1 1920 1
-1 1922 1
-1 1923 1
-1 1924 1
-1 1925 1
-1 18309 1
-1 1927 1
-1 1928 1
-1 18312 1
-1 18316 1
-1 18317 1
-1 1932 1
-1 1935 1
-1 1937 1
-1 1938 1
-1 1939 1
-1 18324 1
-1 18323 1
-1 1940 1
-1 1945 1
-1 1947 1
-1 1951 1
-1 1953 1
-1 1954 1
-1 1955 1
-1 1956 1
-1 1958 1
-1 1961 1
-1 1962 1
-1 1963 1
-1 18345 1
-1 1965 1
-1 1966 1
-1 1968 1
-1 1969 1
-1 1971 1
-1 1974 1
-1 1975 1
-1 1982 1
-1 1983 1
-1 1986 1
-1 18371 1
-1 2000 1
-1 2002 1
-1 2006 1
-1 2011 1
-1 18397 1
-1 18398 1
-1 2013 1
-1 2016 1
-1 18401 1
-1 2018 1
-1 2014 1
-1 2017 1
-1 2022 1
-1 2023 1
-1 2024 1
-1 2025 1
-1 2029 1
-1 2030 1
-1 2031 1
-1 2032 1
-1 2035 1
-1 2041 1
-1 2045 1
-1 2047 1
-1 2052 1
-1 2054 1
-1 2055 1
-1 2057 1
-1 2059 1
-1 2060 1
-1 2061 1
-1 2067 1
-1 2069 1
-1 2079 1
-1 2080 1
-1 2088 1
-1 2090 1
-1 2091 1
-1 2092 1
-1 2093 1
-1 2094 1
-1 2095 1
-1 2097 1
-1 2098 1
-1 18481 1
-1 2100 1
-1 2101 1
-1 2102 1
-1 2103 1
-1 2104 1
-1 2105 1
-1 2106 1
-1 2107 1
-1 2108 1
-1 2109 1
-1 2110 1
-1 2111 1
-1 2112 1
-1 2118 1
-1 2119 1
-1 18504 1
-1 2122 1
-1 2123 1
-1 2124 1
-1 2126 1
-1 2130 1
-1 2131 1
-1 2133 1
-1 2135 1
-1 18520 1
-1 2136 1
-1 2142 1
-1 2143 1
-1 2145 1
-1 2146 1
-1 2149 1
-1 2150 1
-1 2151 1
-1 2152 1
-1 18535 1
-1 2154 1
-1 2155 1
-1 2156 1
-1 18542 1
-1 2159 1
-1 2162 1
-1 2163 1
-1 2164 1
-1 2169 1
-1 2170 1
-1 2172 1
-1 18557 1
-1 2178 1
-1 2180 1
-1 18565 1
-1 2187 1
-1 2189 1
-1 2190 1
-1 2191 1
-1 2197 1
-1 2200 1
-1 2205 1
-1 2206 1
-1 18592 1
-1 2211 1
-1 2219 1
-1 18606 1
-1 2222 1
-1 2223 1
-1 18609 1
-1 2225 1
-1 18607 1
-1 2229 1
-1 2231 1
-1 18615 1
-1 2233 1
-1 2234 1
-1 2235 1
-1 2236 1
-1 18621 1
-1 2238 1
-1 2239 1
-1 18627 1
-1 2247 1
-1 18631 1
-1 2250 1
-1 2251 1
-1 2252 1
-1 2253 1
-1 2256 1
-1 18641 1
-1 2260 1
-1 2262 1
-1 2263 1
-1 18649 1
-1 18650 1
-1 18651 1
-1 2265 1
-1 2269 1
-1 2271 1
-1 2283 1
-1 2284 1
-1 2287 1
-1 2295 1
-1 2299 1
-1 2301 1
-1 2302 1
-1 2306 1
-1 2307 1
-1 2310 1
-1 2322 1
-1 2323 1
-1 2324 1
-1 2325 1
-1 2329 1
-1 2331 1
-1 2337 1
-1 2340 1
-1 2343 1
-1 2348 1
-1 2349 1
-1 2350 1
-1 2351 1
-1 2355 1
-1 18741 1
-1 2361 1
-1 2362 1
-1 2367 1
-1 2370 1
-1 18756 1
-1 18757 1
-1 18759 1
-1 2376 1
-1 18762 1
-1 18763 1
-1 2380 1
-1 18767 1
-1 2384 1
-1 2383 1
-1 2386 1
-1 2387 1
-1 2388 1
-1 2389 1
-1 2393 1
-1 2394 1
-1 2395 1
-1 2396 1
-1 2397 1
-1 2400 1
-1 2401 1
-1 2405 1
-1 2411 1
-1 2412 1
-1 2413 1
-1 2416 1
-1 2418 1
-1 2419 1
-1 2420 1
-1 2421 1
-1 18813 1
-1 18814 1
-1 2432 1
-1 2440 1
-1 486 1
-1 2446 1
-1 2449 1
-1 2453 1
-1 2454 1
-1 18838 1
-1 18840 1
-1 2457 1
-1 18841 1
-1 2459 1
-1 18843 1
-1 18844 1
-1 18845 1
-1 18846 1
-1 18847 1
-1 2464 1
-1 18850 1
-1 2466 1
-1 18852 1
-1 18853 1
-1 2470 1
-1 18854 1
-1 18848 1
-1 2473 1
-1 2474 1
-1 18858 1
-1 2476 1
-1 18860 1
-1 2482 1
-1 2483 1
-1 2488 1
-1 18872 1
-1 2492 1
-1 2493 1
-1 18877 1
-1 16779 1
-1 2506 1
-1 2513 1
-1 2514 1
-1 2516 1
-1 2517 1
-1 2518 1
-1 2519 1
-1 2526 1
-1 2527 1
-1 2528 1
-1 2532 1
-1 18917 1
-1 2535 1
-1 2539 1
-1 16787 1
-1 2541 1
-1 2542 1
-1 18927 1
-1 2544 1
-1 2548 1
-1 2549 1
-1 2550 1
-1 18935 1
-1 2553 1
-1 2556 1
-1 2558 1
-1 2559 1
-1 2560 1
-1 2561 1
-1 2562 1
-1 2567 1
-1 2570 1
-1 2571 1
-1 2572 1
-1 18957 1
-1 2574 1
-1 18960 1
-1 2577 1
-1 2578 1
-1 18962 1
-1 2580 1
-1 2581 1
-1 2576 1
-1 2583 1
-1 2584 1
-1 2589 1
-1 2591 1
-1 2592 1
-1 2593 1
-1 2595 1
-1 2596 1
-1 2598 1
-1 2600 1
-1 2601 1
-1 2608 1
-1 2609 1
-1 18994 1
-1 2612 1
-1 2616 1
-1 16802 1
-1 2618 1
-1 2619 1
-1 19003 1
-1 2622 1
-1 19006 1
-1 2624 1
-1 2625 1
-1 2626 1
-1 2627 1
-1 2628 1
-1 2629 1
-1 2633 1
-1 2634 1
-1 2635 1
-1 2638 1
-1 2641 1
-1 2643 1
-1 2649 1
-1 2653 1
-1 2659 1
-1 2660 1
-1 19046 1
-1 2663 1
-1 2664 1
-1 2665 1
-1 2668 1
-1 2669 1
-1 2670 1
-1 2673 1
-1 2674 1
-1 2675 1
-1 16814 1
-1 2677 1
-1 2679 1
-1 2681 1
-1 19066 1
-1 2685 1
-1 2687 1
-1 2688 1
-1 2690 1
-1 2693 1
-1 2695 1
-1 2697 1
-1 2698 1
-1 2704 1
-1 2705 1
-1 2706 1
-1 2711 1
-1 2719 1
-1 2722 1
-1 2725 1
-1 2726 1
-1 2727 1
-1 2731 1
-1 2732 1
-1 19116 1
-1 2736 1
-1 19121 1
-1 2738 1
-1 2739 1
-1 2741 1
-1 2743 1
-1 2748 1
-1 2749 1
-1 2750 1
-1 2752 1
-1 2753 1
-1 2754 1
-1 2756 1
-1 2759 1
-1 2764 1
-1 2767 1
-1 2769 1
-1 2774 1
-1 2777 1
-1 2778 1
-1 2779 1
-1 2780 1
-1 2781 1
-1 2782 1
-1 2783 1
-1 2784 1
-1 2785 1
-1 2786 1
-1 2787 1
-1 2788 1
-1 2789 1
-1 2790 1
-1 2798 1
-1 2801 1
-1 19187 1
-1 3814 1
-1 3815 1
-1 3816 1
-1 2830 1
-1 2834 1
-1 2836 1
-1 2841 1
-1 3821 1
-1 2848 1
-1 2854 1
-1 2857 1
-1 2858 1
-1 2859 1
-1 19243 1
-1 2866 1
-1 19253 1
-1 2869 1
-1 2870 1
-1 19259 1
-1 19260 1
-1 2876 1
-1 2878 1
-1 19264 1
-1 2881 1
-1 19266 1
-1 3829 1
-1 2885 1
-1 3830 1
-1 19271 1
-1 2888 1
-1 2889 1
-1 2897 1
-1 2898 1
-1 2899 1
-1 19284 1
-1 2903 1
-1 2904 1
-1 2907 1
-1 2908 1
-1 3835 1
-1 2912 1
-1 2928 1
-1 2929 1
-1 16866 1
-1 19323 1
-1 2948 1
-1 16868 1
-1 19334 1
-1 19339 1
-1 19342 1
-1 16870 1
-1 16871 1
-1 2969 1
-1 19355 1
-1 19357 1
-1 19358 1
-1 19362 1
-1 2979 1
-1 2981 1
-1 2983 1
-1 19367 1
-1 19368 1
-1 2986 1
-1 2987 1
-1 19370 1
-1 19373 1
-1 2992 1
-1 19377 1
-1 2998 1
-1 2999 1
-1 19382 1
-1 19385 1
-1 3002 1
-1 19386 1
-1 3005 1
-1 3006 1
-1 19391 1
-1 19394 1
-1 19403 1
-1 3020 1
-1 3021 1
-1 3859 1
-1 19418 1
-1 19419 1
-1 19421 1
-1 3039 1
-1 3040 1
-1 3041 1
-1 3042 1
-1 3043 1
-1 3044 1
-1 3045 1
-1 3046 1
-1 3047 1
-1 3048 1
-1 3049 1
-1 3050 1
-1 3051 1
-1 3052 1
-1 3053 1
-1 3054 1
-1 3055 1
-1 3056 1
-1 3057 1
-1 3058 1
-1 3059 1
-1 3060 1
-1 3061 1
-1 3062 1
-1 3063 1
-1 3064 1
-1 3065 1
-1 3066 1
-1 3067 1
-1 3068 1
-1 3069 1
-1 3070 1
-1 3071 1
-1 3072 1
-1 3073 1
-1 3074 1
-1 3075 1
-1 3076 1
-1 3077 1
-1 3078 1
-1 3079 1
-1 3080 1
-1 3081 1
-1 3082 1
-1 3083 1
-1 3084 1
-1 3085 1
-1 3086 1
-1 3087 1
-1 3088 1
-1 3089 1
-1 3090 1
-1 3091 1
-1 3092 1
-1 3093 1
-1 3094 1
-1 3095 1
-1 3096 1
-1 3097 1
-1 3098 1
-1 3099 1
-1 3100 1
-1 3101 1
-1 3102 1
-1 3103 1
-1 3873 1
-1 3114 1
-1 3117 1
-1 3118 1
-1 3121 1
-1 3122 1
-1 3123 1
-1 3125 1
-1 19510 1
-1 3128 1
-1 3133 1
-1 3134 1
-1 3135 1
-1 3136 1
-1 3139 1
-1 3140 1
-1 3148 1
-1 3149 1
-1 3153 1
-1 3154 1
-1 3161 1
-1 3162 1
-1 3163 1
-1 3885 1
-1 3166 1
-1 3167 1
-1 3886 1
-1 3170 1
-1 3171 1
-1 3887 1
-1 3175 1
-1 3176 1
-1 19562 1
-1 3179 1
-1 3180 1
-1 3888 1
-1 3182 1
-1 3185 1
-1 3189 1
-1 3190 1
-1 3195 1
-1 3197 1
-1 3199 1
-1 19589 1
-1 3205 1
-1 19592 1
-1 3209 1
-1 3210 1
-1 3215 1
-1 3216 1
-1 3218 1
-1 3219 1
-1 19604 1
-1 3220 1
-1 3221 1
-1 3222 1
-1 3223 1
-1 3224 1
-1 3225 1
-1 3226 1
-1 3227 1
-1 3228 1
-1 3229 1
-1 3230 1
-1 3231 1
-1 3232 1
-1 3233 1
-1 3234 1
-1 3235 1
-1 3236 1
-1 3237 1
-1 3238 1
-1 3239 1
-1 3241 1
-1 3899 1
-1 3902 1
-1 3248 1
-1 3251 1
-1 19639 1
-1 19641 1
-1 3257 1
-1 3260 1
-1 3261 1
-1 20188 1
-1 3268 1
-1 3271 1
-1 3274 1
-1 3275 1
-1 19662 1
-1 3281 1
-1 19668 1
-1 19669 1
-1 3286 1
-1 3285 1
-1 3288 1
-1 19675 1
-1 19679 1
-1 19681 1
-1 3299 1
-1 19692 1
-1 19693 1
-1 19694 1
-1 3311 1
-1 3313 1
-1 3319 1
-1 19707 1
-1 19708 1
-1 3331 1
-1 3341 1
-1 3342 1
-1 19730 1
-1 19733 1
-1 3356 1
-1 19744 1
-1 3361 1
-1 19745 1
-1 19746 1
-1 3364 1
-1 3365 1
-1 19747 1
-1 19757 1
-1 19758 1
-1 3376 1
-1 3378 1
-1 19763 1
-1 3379 1
-1 3380 1
-1 3382 1
-1 3381 1
-1 3383 1
-1 19762 1
-1 3385 1
-1 3386 1
-1 3384 1
-1 3388 1
-1 19769 1
-1 3387 1
-1 3389 1
-1 3390 1
-1 3391 1
-1 3392 1
-1 3393 1
-1 3394 1
-1 3395 1
-1 3396 1
-1 3397 1
-1 19780 1
-1 3398 1
-1 3399 1
-1 3400 1
-1 3401 1
-1 3402 1
-1 3403 1
-1 3404 1
-1 3405 1
-1 3406 1
-1 3407 1
-1 3408 1
-1 3409 1
-1 3410 1
-1 3411 1
-1 3412 1
-1 3413 1
-1 3414 1
-1 19803 1
-1 3415 1
-1 3416 1
-1 3417 1
-1 3418 1
-1 3419 1
-1 3420 1
-1 3421 1
-1 3422 1
-1 3423 1
-1 3425 1
-1 3424 1
-1 3426 1
-1 3427 1
-1 3429 1
-1 3428 1
-1 3430 1
-1 3431 1
-1 3432 1
-1 3433 1
-1 3434 1
-1 3435 1
-1 3436 1
-1 3437 1
-1 3439 1
-1 3438 1
-1 3445 1
-1 3441 1
-1 3440 1
-1 3443 1
-1 3442 1
-1 3444 1
-1 3446 1
-1 3447 1
-1 3448 1
-1 3449 1
-1 3450 1
-1 3451 1
-1 3452 1
-1 3453 1
-1 3454 1
-1 3460 1
-1 3455 1
-1 3456 1
-1 3457 1
-1 3458 1
-1 3459 1
-1 3462 1
-1 3466 1
-1 3468 1
-1 3467 1
-1 3470 1
-1 3465 1
-1 19856 1
-1 3473 1
-1 19858 1
-1 19859 1
-1 3477 1
-1 3480 1
-1 3485 1
-1 3486 1
-1 19871 1
-1 3489 1
-1 19873 1
-1 3495 1
-1 19881 1
-1 3498 1
-1 3502 1
-1 3503 1
-1 3506 1
-1 3509 1
-1 3510 1
-1 3512 1
-1 3513 1
-1 3517 1
-1 3521 1
-1 19906 1
-1 3523 1
-1 3524 1
-1 3526 1
-1 3527 1
-1 19913 1
-1 19915 1
-1 3532 1
-1 3536 1
-1 3538 1
-1 3539 1
-1 3540 1
-1 3547 1
-1 3553 1
-1 3556 1
-1 3564 1
-1 3567 1
-1 3569 1
-1 3571 1
-1 19956 1
-1 3573 1
-1 3576 1
-1 3577 1
-1 3578 1
-1 3580 1
-1 3587 1
-1 19973 1
-1 3590 1
-1 3596 1
-1 3598 1
-1 3599 1
-1 3600 1
-1 3601 1
-1 3604 1
-1 3610 1
-1 3612 1
-1 3613 1
-1 3616 1
-1 3623 1
-1 3624 1
-1 20010 1
-1 3627 1
-1 20017 1
-1 3644 1
-1 3645 1
-1 3649 1
-1 20034 1
-1 20038 1
-1 3656 1
-1 20042 1
-1 3658 1
-1 3661 1
-1 3667 1
-1 20055 1
-1 3674 1
-1 3675 1
-1 3676 1
-1 3677 1
-1 3678 1
-1 3679 1
-1 3680 1
-1 20065 1
-1 3681 1
-1 3682 1
-1 3683 1
-1 3684 1
-1 3685 1
-1 3686 1
-1 3687 1
-1 3688 1
-1 3689 1
-1 3690 1
-1 3691 1
-1 3692 1
-1 3693 1
-1 3695 1
-1 20077 1
-1 3698 1
-1 3699 1
-1 3700 1
-1 3701 1
-1 3703 1
-1 3705 1
-1 3706 1
-1 3712 1
-1 3713 1
-1 3716 1
-1 3718 1
-1 3724 1
-1 3730 1
-1 3731 1
-1 3732 1
-1 3733 1
-1 3736 1
-1 3738 1
-1 3739 1
-1 3740 1
-1 3741 1
-1 3742 1
-1 3743 1
-1 3744 1
-1 3745 1
-1 3746 1
-1 3747 1
-1 3748 1
-1 3749 1
-1 3750 1
-1 3751 1
-1 3752 1
-1 3753 1
-1 3754 1
-1 3756 1
-1 3757 1
-1 3758 1
-1 3759 1
-1 20146 1
-1 3762 1
-1 3764 1
-1 3766 1
-1 20151 1
-1 3768 1
-1 3770 1
-1 3772 1
-1 3773 1
-1 3774 1
-1 3777 1
-1 3779 1
-1 3781 1
-1 3789 1
-1 3790 1
-1 20175 1
-1 20176 1
-1 20177 1
-1 3794 1
-1 20181 1
-1 3799 1
-1 3800 1
-1 3801 1
-1 20184 1
-1 20185 1
-1 3804 1
-1 20189 1
-1 20190 1
-1 20186 1
-1 20187 1
-1 20191 1
-1 20192 1
-1 20195 1
-1 20193 1
-1 20194 1
-1 20196 1
-1 20197 1
-1 20198 1
-1 20199 1
-1 20200 1
-1 20201 1
-1 20202 1
-1 20205 1
-1 20206 1
-1 20207 1
-1 20203 1
-1 20209 1
-1 20204 1
-1 3818 1
-1 3822 1
-1 20213 1
-1 20214 1
-1 20215 1
-1 3823 1
-1 3825 1
-1 3826 1
-1 3827 1
-1 3828 1
-1 20221 1
-1 20222 1
-1 20223 1
-1 3832 1
-1 3833 1
-1 3834 1
-1 20227 1
-1 20228 1
-1 3836 1
-1 3837 1
-1 3838 1
-1 3839 1
-1 3840 1
-1 3841 1
-1 3842 1
-1 3843 1
-1 3844 1
-1 3845 1
-1 3846 1
-1 3847 1
-1 3848 1
-1 3849 1
-1 3850 1
-1 3851 1
-1 3852 1
-1 3853 1
-1 3854 1
-1 3855 1
-1 3856 1
-1 3857 1
-1 3858 1
-1 20244 1
-1 3860 1
-1 3861 1
-1 3862 1
-1 3863 1
-1 3864 1
-1 3865 1
-1 3866 1
-1 3867 1
-1 3868 1
-1 3869 1
-1 3870 1
-1 3871 1
-1 3872 1
-1 20266 1
-1 3874 1
-1 3875 1
-1 3876 1
-1 3877 1
-1 3878 1
-1 3879 1
-1 3880 1
-1 3881 1
-1 3882 1
-1 3883 1
-1 3884 1
-1 3894 1
-1 20279 1
-1 20275 1
-1 20277 1
-1 3889 1
-1 3890 1
-1 3891 1
-1 3892 1
-1 3893 1
-1 3900 1
-1 3895 1
-1 20289 1
-1 3897 1
-1 3907 1
-1 3908 1
-1 3909 1
-1 3901 1
-1 3911 1
-1 3903 1
-1 3904 1
-1 3905 1
-1 3906 1
-1 3915 1
-1 3910 1
-1 3912 1
-1 3913 1
-1 3920 1
-1 3914 1
-1 3916 1
-1 3917 1
-1 3918 1
-1 3925 1
-1 3919 1
-1 3921 1
-1 3922 1
-1 3923 1
-1 3924 1
-1 3926 1
-1 3927 1
-1 3928 1
-1 3929 1
-1 3930 1
-1 3931 1
-1 3932 1
-1 3933 1
-1 3934 1
-1 3935 1
-1 3936 1
-1 3937 1
-1 3938 1
-1 3939 1
-1 3940 1
-1 3941 1
-1 3942 1
-1 3943 1
-1 3944 1
-1 3945 1
-1 3946 1
-1 3947 1
-1 3948 1
-1 3949 1
-1 3950 1
-1 3951 1
-1 3952 1
-1 3953 1
-1 3954 1
-1 3955 1
-1 3956 1
-1 3957 1
-1 3958 1
-1 3959 1
-1 3960 1
-1 3961 1
-1 3967 1
-1 3962 1
-1 3963 1
-1 3964 1
-1 3965 1
-1 3966 1
-1 3969 1
-1 3968 1
-1 3970 1
-1 3976 1
-1 3974 1
-1 3971 1
-1 3972 1
-1 3973 1
-1 3978 1
-1 3975 1
-1 3977 1
-1 3979 1
-1 3980 1
-1 3981 1
-1 3987 1
-1 3982 1
-1 3983 1
-1 3984 1
-1 3985 1
-1 3986 1
-1 3992 1
-1 3988 1
-1 3989 1
-1 3996 1
-1 3997 1
-1 3990 1
-1 3991 1
-1 3993 1
-1 3994 1
-1 4002 1
-1 3995 1
-1 4004 1
-1 4005 1
-1 4001 1
-1 3998 1
-1 3999 1
-1 4000 1
-1 4003 1
-1 4011 1
-1 4010 1
-1 4012 1
-1 4006 1
-1 4007 1
-1 4008 1
-1 4009 1
-1 4013 1
-1 4014 1
-1 4020 1
-1 4021 1
-1 4015 1
-1 4016 1
-1 4017 1
-1 4018 1
-1 4019 1
-1 4022 1
-1 4028 1
-1 4023 1
-1 4024 1
-1 4025 1
-1 4026 1
-1 4027 1
-1 4029 1
-1 4030 1
-1 4036 1
-1 4031 1
-1 4032 1
-1 4033 1
-1 4040 1
-1 4034 1
-1 4042 1
-1 4035 1
-1 4037 1
-1 4038 1
-1 4039 1
-1 4041 1
-1 4043 1
-1 4044 1
-1 4045 1
-1 4046 1
-1 4047 1
-1 4048 1
-1 4049 1
-1 4050 1
-1 4051 1
-1 4052 1
-1 4053 1
-1 4054 1
-1 4055 1
-1 4056 1
-1 4057 1
-1 4058 1
-1 4059 1
-1 4060 1
-1 4061 1
-1 4062 1
-1 4063 1
-1 4064 1
-1 4065 1
-1 4066 1
-1 4067 1
-1 4068 1
-1 4069 1
-1 4070 1
-1 4071 1
-1 4072 1
-1 4076 1
-1 4077 1
-1 4080 1
-1 4081 1
-1 4082 1
-1 4083 1
-1 4084 1
-1 4078 1
-1 4079 1
-1 4087 1
-1 4088 1
-1 4089 1
-1 4090 1
-1 4091 1
-1 4092 1
-1 4093 1
-1 4085 1
-1 4086 1
-1 20480 1
-1 4096 1
-1 4095 1
-1 20483 1
-1 4100 1
-1 4101 1
-1 20486 1
-1 4097 1
-1 4099 1
-1 4107 1
-1 4108 1
-1 4073 1
-1 4110 1
-1 20496 1
-1 4113 1
-1 4074 1
-1 4116 1
-1 20502 1
-1 4075 1
-1 21004 1
-1 4130 1
-1 4133 1
-1 4144 1
-1 4151 1
-1 4152 1
-1 4160 1
-1 4173 1
-1 4179 1
-1 4187 1
-1 4188 1
-1 4189 1
-1 4190 1
-1 4191 1
-1 4196 1
-1 20582 1
-1 20583 1
-1 4214 1
-1 20602 1
-1 4219 1
-1 20605 1
-1 4223 1
-1 4224 1
-1 4225 1
-1 4227 1
-1 4229 1
-1 20613 1
-1 20614 1
-1 20616 1
-1 4237 1
-1 4239 1
-1 4243 1
-1 4244 1
-1 4246 1
-1 4248 1
-1 4256 1
-1 4259 1
-1 4266 1
-1 4271 1
-1 4272 1
-1 20666 1
-1 20675 1
-1 20682 1
-1 4300 1
-1 20685 1
-1 20687 1
-1 20688 1
-1 20689 1
-1 20711 1
-1 4333 1
-1 4334 1
-1 4341 1
-1 20729 1
-1 20730 1
-1 4349 1
-1 4353 1
-1 4354 1
-1 4358 1
-1 4360 1
-1 4361 1
-1 4364 1
-1 4370 1
-1 4373 1
-1 4374 1
-1 4376 1
-1 4379 1
-1 4383 1
-1 4386 1
-1 4387 1
-1 4389 1
-1 4401 1
-1 4407 1
-1 4408 1
-1 4410 1
-1 4412 1
-1 4414 1
-1 4415 1
-1 4422 1
-1 4429 1
-1 4431 1
-1 20816 1
-1 20817 1
-1 17164 1
-1 20824 1
-1 20826 1
-1 20828 1
-1 20844 1
-1 4463 1
-1 4468 1
-1 20855 1
-1 4472 1
-1 20860 1
-1 20861 1
-1 4479 1
-1 20864 1
-1 4484 1
-1 4485 1
-1 20868 1
-1 4488 1
-1 4496 1
-1 20888 1
-1 20889 1
-1 20890 1
-1 20891 1
-1 20892 1
-1 20893 1
-1 4516 1
-1 4517 1
-1 20901 1
-1 20902 1
-1 4520 1
-1 4521 1
-1 20910 1
-1 20911 1
-1 20912 1
-1 4532 1
-1 4534 1
-1 4541 1
-1 4542 1
-1 20933 1
-1 20935 1
-1 4553 1
-1 4555 1
-1 20941 1
-1 20943 1
-1 20944 1
-1 20945 1
-1 4562 1
-1 20947 1
-1 4563 1
-1 4564 1
-1 4565 1
-1 4566 1
-1 4567 1
-1 4568 1
-1 4569 1
-1 4570 1
-1 4571 1
-1 4572 1
-1 4573 1
-1 4574 1
-1 4575 1
-1 4576 1
-1 4577 1
-1 4578 1
-1 4579 1
-1 4580 1
-1 4581 1
-1 4582 1
-1 4583 1
-1 4584 1
-1 4585 1
-1 4586 1
-1 4587 1
-1 4588 1
-1 4589 1
-1 4590 1
-1 4591 1
-1 4592 1
-1 4593 1
-1 4594 1
-1 4595 1
-1 4596 1
-1 4597 1
-1 4598 1
-1 4599 1
-1 4600 1
-1 4601 1
-1 4602 1
-1 4603 1
-1 4604 1
-1 4605 1
-1 4606 1
-1 4607 1
-1 4608 1
-1 4609 1
-1 4610 1
-1 4611 1
-1 4612 1
-1 4613 1
-1 4614 1
-1 4615 1
-1 4616 1
-1 4617 1
-1 4618 1
-1 4619 1
-1 4620 1
-1 4621 1
-1 4622 1
-1 4624 1
-1 4625 1
-1 4626 1
-1 4627 1
-1 4628 1
-1 4629 1
-1 4630 1
-1 4631 1
-1 4632 1
-1 4633 1
-1 4634 1
-1 4635 1
-1 4636 1
-1 4637 1
-1 4638 1
-1 4639 1
-1 4640 1
-1 4641 1
-1 4642 1
-1 4643 1
-1 4644 1
-1 4645 1
-1 4646 1
-1 4647 1
-1 4648 1
-1 4649 1
-1 4650 1
-1 4651 1
-1 4652 1
-1 4653 1
-1 4654 1
-1 4655 1
-1 4656 1
-1 4657 1
-1 4658 1
-1 4659 1
-1 4660 1
-1 4661 1
-1 4662 1
-1 4663 1
-1 4664 1
-1 4665 1
-1 4666 1
-1 4667 1
-1 4668 1
-1 4669 1
-1 4670 1
-1 4671 1
-1 4672 1
-1 4673 1
-1 4674 1
-1 4675 1
-1 4676 1
-1 4677 1
-1 4678 1
-1 4679 1
-1 4680 1
-1 4681 1
-1 4682 1
-1 4683 1
-1 4684 1
-1 4685 1
-1 4686 1
-1 4687 1
-1 4688 1
-1 4689 1
-1 4690 1
-1 4691 1
-1 4692 1
-1 4693 1
-1 4694 1
-1 4695 1
-1 4696 1
-1 4697 1
-1 4698 1
-1 4699 1
-1 4700 1
-1 4701 1
-1 4702 1
-1 4703 1
-1 4704 1
-1 4705 1
-1 4706 1
-1 4707 1
-1 4708 1
-1 4709 1
-1 4710 1
-1 4711 1
-1 4712 1
-1 4713 1
-1 4714 1
-1 4715 1
-1 4716 1
-1 4717 1
-1 4718 1
-1 4719 1
-1 4720 1
-1 4721 1
-1 4722 1
-1 4723 1
-1 4724 1
-1 4725 1
-1 4726 1
-1 4727 1
-1 4728 1
-1 4729 1
-1 4730 1
-1 4731 1
-1 4732 1
-1 4733 1
-1 4734 1
-1 4735 1
-1 4736 1
-1 4737 1
-1 4738 1
-1 4739 1
-1 4740 1
-1 4741 1
-1 4742 1
-1 4743 1
-1 4744 1
-1 4745 1
-1 4746 1
-1 4747 1
-1 4748 1
-1 4749 1
-1 4750 1
-1 4751 1
-1 4752 1
-1 4753 1
-1 4754 1
-1 4755 1
-1 4756 1
-1 4757 1
-1 4758 1
-1 4759 1
-1 4760 1
-1 4761 1
-1 4762 1
-1 4763 1
-1 4764 1
-1 4765 1
-1 4766 1
-1 4767 1
-1 4768 1
-1 4769 1
-1 4770 1
-1 4771 1
-1 4772 1
-1 4773 1
-1 4774 1
-1 4775 1
-1 4776 1
-1 4777 1
-1 4778 1
-1 4779 1
-1 21164 1
-1 4780 1
-1 4782 1
-1 4781 1
-1 4784 1
-1 4785 1
-1 4786 1
-1 4787 1
-1 4788 1
-1 4789 1
-1 4783 1
-1 4790 1
-1 4792 1
-1 4793 1
-1 4794 1
-1 4791 1
-1 4795 1
-1 4796 1
-1 4797 1
-1 4799 1
-1 4800 1
-1 4801 1
-1 4802 1
-1 4803 1
-1 4804 1
-1 4798 1
-1 4805 1
-1 4807 1
-1 4808 1
-1 4809 1
-1 4810 1
-1 4811 1
-1 4812 1
-1 4813 1
-1 4814 1
-1 4815 1
-1 4816 1
-1 4817 1
-1 4818 1
-1 21203 1
-1 4819 1
-1 4820 1
-1 4821 1
-1 4822 1
-1 4823 1
-1 4825 1
-1 4826 1
-1 4827 1
-1 4824 1
-1 4828 1
-1 4830 1
-1 4829 1
-1 4832 1
-1 4833 1
-1 4831 1
-1 4835 1
-1 4836 1
-1 4837 1
-1 4838 1
-1 4839 1
-1 4840 1
-1 4841 1
-1 4842 1
-1 21227 1
-1 4843 1
-1 4844 1
-1 4845 1
-1 4846 1
-1 4847 1
-1 4848 1
-1 4849 1
-1 4850 1
-1 4851 1
-1 4852 1
-1 21238 1
-1 4853 1
-1 4854 1
-1 4855 1
-1 4856 1
-1 4857 1
-1 4858 1
-1 4859 1
-1 4860 1
-1 4861 1
-1 4862 1
-1 4863 1
-1 4864 1
-1 4865 1
-1 4866 1
-1 4867 1
-1 4868 1
-1 21255 1
-1 4869 1
-1 4870 1
-1 4871 1
-1 4873 1
-1 4874 1
-1 4875 1
-1 4876 1
-1 4877 1
-1 4878 1
-1 4879 1
-1 4880 1
-1 4881 1
-1 4883 1
-1 4884 1
-1 4885 1
-1 4886 1
-1 4887 1
-1 4888 1
-1 4889 1
-1 4890 1
-1 4891 1
-1 4892 1
-1 4893 1
-1 4894 1
-1 4895 1
-1 4896 1
-1 4897 1
-1 4898 1
-1 4899 1
-1 4900 1
-1 4902 1
-1 4903 1
-1 4904 1
-1 4905 1
-1 4906 1
-1 4907 1
-1 21292 1
-1 4908 1
-1 4901 1
-1 4910 1
-1 21296 1
-1 4911 1
-1 4912 1
-1 21297 1
-1 4913 1
-1 4909 1
-1 4916 1
-1 4919 1
-1 4917 1
-1 4914 1
-1 4915 1
-1 4920 1
-1 4921 1
-1 4922 1
-1 4923 1
-1 4924 1
-1 4925 1
-1 4926 1
-1 4928 1
-1 4927 1
-1 4930 1
-1 4929 1
-1 4931 1
-1 4932 1
-1 4933 1
-1 4935 1
-1 4934 1
-1 4936 1
-1 4937 1
-1 4938 1
-1 4939 1
-1 4947 1
-1 4949 1
-1 4952 1
-1 4957 1
-1 4958 1
-1 4961 1
-1 4962 1
-1 4965 1
-1 4969 1
-1 4971 1
-1 4972 1
-1 4973 1
-1 4975 1
-1 4976 1
-1 4978 1
-1 21363 1
-1 4981 1
-1 4986 1
-1 4987 1
-1 4988 1
-1 21370 1
-1 4992 1
-1 4995 1
-1 4998 1
-1 21382 1
-1 5000 1
-1 5001 1
-1 21386 1
-1 5005 1
-1 21391 1
-1 5008 1
-1 5009 1
-1 5010 1
-1 5013 1
-1 21397 1
-1 5016 1
-1 21401 1
-1 5018 1
-1 5022 1
-1 5023 1
-1 5030 1
-1 21416 1
-1 5034 1
-1 5035 1
-1 5037 1
-1 5038 1
-1 5041 1
-1 5043 1
-1 5044 1
-1 5045 1
-1 5049 1
-1 5063 1
-1 5064 1
-1 5065 1
-1 21448 1
-1 5070 1
-1 5072 1
-1 21457 1
-1 5073 1
-1 5074 1
-1 5075 1
-1 21465 1
-1 5084 1
-1 5085 1
-1 5086 1
-1 5087 1
-1 5088 1
-1 5089 1
-1 5090 1
-1 5091 1
-1 5092 1
-1 5093 1
-1 5094 1
-1 5095 1
-1 5096 1
-1 5097 1
-1 21476 1
-1 5101 1
-1 5102 1
-1 21488 1
-1 5105 1
-1 5106 1
-1 5110 1
-1 5111 1
-1 5112 1
-1 21502 1
-1 5123 1
-1 5126 1
-1 5129 1
-1 5130 1
-1 21516 1
-1 5135 1
-1 5137 1
-1 21523 1
-1 5141 1
-1 5146 1
-1 5147 1
-1 5151 1
-1 5153 1
-1 5156 1
-1 5161 1
-1 5162 1
-1 21547 1
-1 5164 1
-1 5166 1
-1 5168 1
-1 5169 1
-1 5170 1
-1 5171 1
-1 5175 1
-1 5176 1
-1 21563 1
-1 21565 1
-1 21566 1
-1 5182 1
-1 21568 1
-1 21569 1
-1 21570 1
-1 5185 1
-1 5188 1
-1 21573 1
-1 5184 1
-1 5191 1
-1 5192 1
-1 5193 1
-1 5195 1
-1 5196 1
-1 5197 1
-1 5200 1
-1 5203 1
-1 5212 1
-1 5215 1
-1 5216 1
-1 5219 1
-1 5222 1
-1 21606 1
-1 5236 1
-1 21630 1
-1 5253 1
-1 5254 1
-1 5257 1
-1 5260 1
-1 5264 1
-1 21652 1
-1 5269 1
-1 5271 1
-1 21656 1
-1 5274 1
-1 21659 1
-1 21667 1
-1 5287 1
-1 21683 1
-1 5301 1
-1 21688 1
-1 5309 1
-1 5310 1
-1 21706 1
-1 5326 1
-1 5330 1
-1 5350 1
-1 5354 1
-1 5361 1
-1 5365 1
-1 5369 1
-1 5371 1
-1 21757 1
-1 5380 1
-1 5382 1
-1 5383 1
-1 5385 1
-1 5389 1
-1 21774 1
-1 5394 1
-1 5396 1
-1 5401 1
-1 5407 1
-1 5411 1
-1 5414 1
-1 5418 1
-1 21803 1
-1 5420 1
-1 5422 1
-1 5425 1
-1 5426 1
-1 5427 1
-1 5428 1
-1 21815 1
-1 5433 1
-1 5435 1
-1 5447 1
-1 5449 1
-1 21834 1
-1 5454 1
-1 5455 1
-1 5456 1
-1 5459 1
-1 5462 1
-1 5467 1
-1 5470 1
-1 5472 1
-1 5473 1
-1 5475 1
-1 5477 1
-1 5482 1
-1 5486 1
-1 5488 1
-1 5490 1
-1 5491 1
-1 5496 1
-1 5497 1
-1 5500 1
-1 21885 1
-1 5514 1
-1 5516 1
-1 5526 1
-1 5535 1
-1 21921 1
-1 5538 1
-1 5539 1
-1 5542 1
-1 5543 1
-1 5553 1
-1 5554 1
-1 5557 1
-1 21942 1
-1 5559 1
-1 21943 1
-1 21944 1
-1 21945 1
-1 21946 1
-1 21947 1
-1 5567 1
-1 21952 1
-1 5574 1
-1 21960 1
-1 5579 1
-1 21978 1
-1 5595 1
-1 5603 1
-1 5604 1
-1 5605 1
-1 21987 1
-1 21992 1
-1 5615 1
-1 5616 1
-1 5617 1
-1 22004 1
-1 5621 1
-1 5623 1
-1 22010 1
-1 22016 1
-1 22018 1
-1 5639 1
-1 22026 1
-1 22027 1
-1 22038 1
-1 5655 1
-1 5656 1
-1 22042 1
-1 5660 1
-1 22048 1
-1 22058 1
-1 5676 1
-1 5678 1
-1 5681 1
-1 5682 1
-1 22079 1
-1 5696 1
-1 5698 1
-1 5700 1
-1 22088 1
-1 5707 1
-1 5708 1
-1 5724 1
-1 5728 1
-1 5737 1
-1 5740 1
-1 5743 1
-1 5745 1
-1 5746 1
-1 22133 1
-1 22134 1
-1 22135 1
-1 5750 1
-1 22142 1
-1 22145 1
-1 22148 1
-1 22149 1
-1 22151 1
-1 22154 1
-1 5771 1
-1 22161 1
-1 22167 1
-1 22168 1
-1 5787 1
-1 22175 1
-1 5791 1
-1 5793 1
-1 22178 1
-1 5797 1
-1 22184 1
-1 5802 1
-1 5819 1
-1 22203 1
-1 5827 1
-1 22211 1
-1 22218 1
-1 22225 1
-1 22228 1
-1 5846 1
-1 5848 1
-1 5853 1
-1 5854 1
-1 5855 1
-1 22255 1
-1 5875 1
-1 5876 1
-1 5877 1
-1 5878 1
-1 22267 1
-1 22271 1
-1 22272 1
-1 22275 1
-1 5892 1
-1 5894 1
-1 5900 1
-1 5919 1
-1 5924 1
-1 5926 1
-1 5927 1
-1 5935 1
-1 5944 1
-1 5945 1
-1 5946 1
-1 5947 1
-1 5953 1
-1 5963 1
-1 5966 1
-1 22355 1
-1 5975 1
-1 5977 1
-1 5983 1
-1 5984 1
-1 5993 1
-1 6002 1
-1 6008 1
-1 6009 1
-1 6013 1
-1 6014 1
-1 6019 1
-1 6023 1
-1 6024 1
-1 6027 1
-1 6032 1
-1 6035 1
-1 22422 1
-1 6040 1
-1 6042 1
-1 6043 1
-1 6045 1
-1 6046 1
-1 6051 1
-1 6053 1
-1 6054 1
-1 6068 1
-1 6073 1
-1 6076 1
-1 6078 1
-1 6079 1
-1 6080 1
-1 6086 1
-1 6088 1
-1 6102 1
-1 6111 1
-1 6112 1
-1 6118 1
-1 6119 1
-1 22505 1
-1 22506 1
-1 22507 1
-1 6130 1
-1 6131 1
-1 6132 1
-1 6140 1
-1 6141 1
-1 6142 1
-1 6144 1
-1 6159 1
-1 6161 1
-1 22545 1
-1 6169 1
-1 6181 1
-1 6184 1
-1 22571 1
-1 22572 1
-1 22573 1
-1 6189 1
-1 22576 1
-1 6197 1
-1 6198 1
-1 6200 1
-1 6201 1
-1 6202 1
-1 6204 1
-1 6205 1
-1 6207 1
-1 6208 1
-1 6211 1
-1 6216 1
-1 6219 1
-1 6221 1
-1 6224 1
-1 6229 1
-1 6231 1
-1 27291 1
-1 6245 1
-1 27293 1
-1 22636 1
-1 6255 1
-1 6256 1
-1 6258 1
-1 6259 1
-1 22647 1
-1 22648 1
-1 22651 1
-1 6270 1
-1 6271 1
-1 6273 1
-1 6274 1
-1 6275 1
-1 6281 1
-1 6282 1
-1 6283 1
-1 6284 1
-1 6285 1
-1 6286 1
-1 17533 1
-1 6293 1
-1 6314 1
-1 6317 1
-1 6318 1
-1 6324 1
-1 6335 1
-1 6338 1
-1 6339 1
-1 22724 1
-1 6343 1
-1 6345 1
-1 6346 1
-1 22733 1
-1 6364 1
-1 22749 1
-1 22755 1
-1 22758 1
-1 6382 1
-1 6385 1
-1 22776 1
-1 6395 1
-1 6396 1
-1 6399 1
-1 22787 1
-1 6403 1
-1 6404 1
-1 6407 1
-1 6410 1
-1 6411 1
-1 6412 1
-1 6413 1
-1 6414 1
-1 6416 1
-1 22807 1
-1 6424 1
-1 6427 1
-1 6433 1
-1 6436 1
-1 6438 1
-1 6442 1
-1 6445 1
-1 6446 1
-1 6449 1
-1 6450 1
-1 22839 1
-1 6456 1
-1 6461 1
-1 6476 1
-1 6478 1
-1 6479 1
-1 6481 1
-1 6484 1
-1 6485 1
-1 6486 1
-1 6487 1
-1 6488 1
-1 6489 1
-1 6501 1
-1 6503 1
-1 22899 1
-1 6524 1
-1 6531 1
-1 6533 1
-1 6534 1
-1 6535 1
-1 6538 1
-1 1300 1
-1 6542 1
-1 6543 1
-1 6544 1
-1 6549 1
-1 6550 1
-1 6552 1
-1 6553 1
-1 6565 1
-1 6567 1
-1 6568 1
-1 6573 1
-1 22967 1
-1 6589 1
-1 6591 1
-1 6594 1
-1 6595 1
-1 6596 1
-1 6603 1
-1 22992 1
-1 6612 1
-1 6614 1
-1 6617 1
-1 6619 1
-1 6620 1
-1 6628 1
-1 6632 1
-1 6634 1
-1 6642 1
-1 6646 1
-1 6651 1
-1 6652 1
-1 6653 1
-1 6657 1
-1 6659 1
-1 6662 1
-1 6669 1
-1 6672 1
-1 6680 1
-1 6681 1
-1 6685 1
-1 6686 1
-1 6687 1
-1 6690 1
-1 6725 1
-1 23118 1
-1 23121 1
-1 6738 1
-1 23125 1
-1 23126 1
-1 23128 1
-1 23133 1
-1 6750 1
-1 23134 1
-1 6759 1
-1 6765 1
-1 23150 1
-1 6775 1
-1 6791 1
-1 6798 1
-1 6799 1
-1 6801 1
-1 6803 1
-1 6804 1
-1 6806 1
-1 6807 1
-1 6810 1
-1 6812 1
-1 6816 1
-1 6817 1
-1 6819 1
-1 6822 1
-1 6829 1
-1 23214 1
-1 23216 1
-1 6834 1
-1 6840 1
-1 6841 1
-1 6842 1
-1 6847 1
-1 6849 1
-1 6851 1
-1 23238 1
-1 6855 1
-1 23239 1
-1 23240 1
-1 23241 1
-1 23242 1
-1 23243 1
-1 23244 1
-1 6863 1
-1 23250 1
-1 4623 1
-1 6888 1
-1 6889 1
-1 6891 1
-1 6893 1
-1 6899 1
-1 6900 1
-1 6905 1
-1 6911 1
-1 23296 1
-1 6918 1
-1 6926 1
-1 6927 1
-1 6928 1
-1 6929 1
-1 6932 1
-1 6936 1
-1 6943 1
-1 6944 1
-1 6945 1
-1 6946 1
-1 23332 1
-1 6949 1
-1 6951 1
-1 6952 1
-1 6953 1
-1 6960 1
-1 6966 1
-1 6969 1
-1 6976 1
-1 6977 1
-1 23365 1
-1 23409 1
-1 23442 1
-1 23444 1
-1 23457 1
-1 7079 1
-1 7102 1
-1 7128 1
-1 23515 1
-1 23523 1
-1 23525 1
-1 23526 1
-1 23527 1
-1 23528 1
-1 23529 1
-1 23530 1
-1 23531 1
-1 23532 1
-1 23533 1
-1 23534 1
-1 23535 1
-1 23536 1
-1 23537 1
-1 23538 1
-1 23539 1
-1 23540 1
-1 23541 1
-1 23542 1
-1 23543 1
-1 23544 1
-1 23545 1
-1 23546 1
-1 7162 1
-1 23548 1
-1 23547 1
-1 7164 1
-1 7165 1
-1 7163 1
-1 23552 1
-1 23553 1
-1 23554 1
-1 23555 1
-1 23549 1
-1 23550 1
-1 23551 1
-1 20965 1
-1 23563 1
-1 7179 1
-1 7183 1
-1 20967 1
-1 20968 1
-1 7194 1
-1 7195 1
-1 7196 1
-1 7197 1
-1 7198 1
-1 7199 1
-1 7200 1
-1 7201 1
-1 7202 1
-1 7203 1
-1 7204 1
-1 7205 1
-1 7210 1
-1 7214 1
-1 7215 1
-1 7216 1
-1 7219 1
-1 7230 1
-1 7239 1
-1 7253 1
-1 7254 1
-1 7257 1
-1 7260 1
-1 20983 1
-1 7267 1
-1 7273 1
-1 7276 1
-1 23661 1
-1 7278 1
-1 7281 1
-1 7290 1
-1 23676 1
-1 23693 1
-1 23696 1
-1 23701 1
-1 7318 1
-1 7319 1
-1 23705 1
-1 23706 1
-1 7323 1
-1 20994 1
-1 7325 1
-1 7329 1
-1 7330 1
-1 7331 1
-1 7335 1
-1 7336 1
-1 7337 1
-1 7339 1
-1 7341 1
-1 7345 1
-1 7347 1
-1 7349 1
-1 7350 1
-1 21000 1
-1 7354 1
-1 7359 1
-1 21003 1
-1 7369 1
-1 7371 1
-1 7372 1
-1 7373 1
-1 7374 1
-1 7375 1
-1 7376 1
-1 7377 1
-1 7378 1
-1 7379 1
-1 7380 1
-1 7381 1
-1 7382 1
-1 7383 1
-1 7384 1
-1 7385 1
-1 7386 1
-1 7387 1
-1 7388 1
-1 7389 1
-1 7390 1
-1 7391 1
-1 7392 1
-1 7393 1
-1 7394 1
-1 7395 1
-1 23791 1
-1 7426 1
-1 7434 1
-1 21017 1
-1 7462 1
-1 23846 1
-1 23850 1
-1 23863 1
-1 7480 1
-1 21026 1
-1 23881 1
-1 7502 1
-1 7503 1
-1 7511 1
-1 7522 1
-1 23906 1
-1 23907 1
-1 7530 1
-1 23914 1
-1 23923 1
-1 23928 1
-1 23930 1
-1 7555 1
-1 7563 1
-1 7565 1
-1 7572 1
-1 21044 1
-1 7589 1
-1 7591 1
-1 7592 1
-1 7593 1
-1 7594 1
-1 7595 1
-1 7596 1
-1 7597 1
-1 7598 1
-1 7599 1
-1 7600 1
-1 7601 1
-1 7602 1
-1 7603 1
-1 7613 1
-1 7616 1
-1 7617 1
-1 7618 1
-1 7619 1
-1 7620 1
-1 7624 1
-1 7626 1
-1 7633 1
-1 7635 1
-1 7641 1
-1 21059 1
-1 7655 1
-1 7657 1
-1 7658 1
-1 7659 1
-1 7660 1
-1 7661 1
-1 7662 1
-1 7663 1
-1 7664 1
-1 7665 1
-1 7666 1
-1 7667 1
-1 7668 1
-1 7669 1
-1 7670 1
-1 7671 1
-1 7672 1
-1 7673 1
-1 7674 1
-1 7675 1
-1 7676 1
-1 7677 1
-1 7678 1
-1 24063 1
-1 7679 1
-1 7680 1
-1 7681 1
-1 7682 1
-1 7683 1
-1 7684 1
-1 7685 1
-1 7686 1
-1 7687 1
-1 7688 1
-1 7689 1
-1 7690 1
-1 7691 1
-1 7692 1
-1 7693 1
-1 7694 1
-1 7695 1
-1 7696 1
-1 7697 1
-1 7698 1
-1 7699 1
-1 7700 1
-1 7701 1
-1 7702 1
-1 7704 1
-1 7705 1
-1 7703 1
-1 7706 1
-1 7708 1
-1 7707 1
-1 7709 1
-1 7710 1
-1 7712 1
-1 7713 1
-1 7714 1
-1 7711 1
-1 7715 1
-1 7716 1
-1 7717 1
-1 7718 1
-1 7719 1
-1 7720 1
-1 7721 1
-1 7723 1
-1 7724 1
-1 7722 1
-1 7725 1
-1 7726 1
-1 7727 1
-1 7728 1
-1 7729 1
-1 24141 1
-1 7758 1
-1 24146 1
-1 7763 1
-1 7762 1
-1 7766 1
-1 7767 1
-1 7774 1
-1 7776 1
-1 7780 1
-1 24173 1
-1 24178 1
-1 4806 1
-1 24182 1
-1 7802 1
-1 24188 1
-1 24194 1
-1 24200 1
-1 24201 1
-1 24209 1
-1 7829 1
-1 7844 1
-1 24257 1
-1 7879 1
-1 7902 1
-1 7903 1
-1 7917 1
-1 4834 1
-1 1580 1
-1 7954 1
-1 1581 1
-1 7956 1
-1 24344 1
-1 24362 1
-1 24366 1
-1 24370 1
-1 7997 1
-1 7998 1
-1 7999 1
-1 24390 1
-1 24393 1
-1 24394 1
-1 1594 1
-1 1595 1
-1 1596 1
-1 8031 1
-1 1606 1
-1 8119 1
-1 24511 1
-1 4872 1
-1 8130 1
-1 8136 1
-1 8140 1
-1 8145 1
-1 8160 1
-1 8173 1
-1 24560 1
-1 24561 1
-1 4882 1
-1 8180 1
-1 8182 1
-1 8186 1
-1 24571 1
-1 8199 1
-1 8202 1
-1 8203 1
-1 8204 1
-1 17914 1
-1 24595 1
-1 8213 1
-1 17915 1
-1 24601 1
-1 24602 1
-1 24603 1
-1 8228 1
-1 8229 1
-1 8231 1
-1 8239 1
-1 8244 1
-1 8253 1
-1 8255 1
-1 24641 1
-1 8259 1
-1 8260 1
-1 8261 1
-1 21181 1
-1 24650 1
-1 24652 1
-1 24655 1
-1 24660 1
-1 8279 1
-1 24664 1
-1 8282 1
-1 21185 1
-1 24671 1
-1 24675 1
-1 8296 1
-1 8298 1
-1 8299 1
-1 8305 1
-1 8308 1
-1 8309 1
-1 8313 1
-1 8315 1
-1 8324 1
-1 8325 1
-1 8330 1
-1 8331 1
-1 8342 1
-1 8343 1
-1 8344 1
-1 8348 1
-1 8351 1
-1 8353 1
-1 8355 1
-1 8357 1
-1 8360 1
-1 4918 1
-1 8363 1
-1 8375 1
-1 8377 1
-1 8379 1
-1 8384 1
-1 8386 1
-1 8387 1
-1 8395 1
-1 8414 1
-1 8416 1
-1 8421 1
-1 8427 1
-1 8431 1
-1 8432 1
-1 8443 1
-1 8445 1
-1 8446 1
-1 8448 1
-1 8451 1
-1 8457 1
-1 24844 1
-1 8468 1
-1 8469 1
-1 8470 1
-1 24855 1
-1 8472 1
-1 8476 1
-1 8481 1
-1 17968 1
-1 8482 1
-1 24871 1
-1 17970 1
-1 17971 1
-1 17972 1
-1 17973 1
-1 8536 1
-1 21236 1
-1 8555 1
-1 8564 1
-1 8565 1
-1 8566 1
-1 8567 1
-1 8568 1
-1 8569 1
-1 8570 1
-1 8571 1
-1 8572 1
-1 8573 1
-1 8584 1
-1 8588 1
-1 8590 1
-1 21246 1
-1 24977 1
-1 8593 1
-1 8596 1
-1 8597 1
-1 8598 1
-1 17994 1
-1 24997 1
-1 8617 1
-1 8628 1
-1 8631 1
-1 25021 1
-1 8637 1
-1 25023 1
-1 8645 1
-1 25030 1
-1 8648 1
-1 8649 1
-1 8651 1
-1 25036 1
-1 8652 1
-1 25038 1
-1 8653 1
-1 8654 1
-1 8655 1
-1 8656 1
-1 8657 1
-1 8658 1
-1 8659 1
-1 8661 1
-1 8660 1
-1 8662 1
-1 8663 1
-1 8664 1
-1 8667 1
-1 8665 1
-1 25053 1
-1 8669 1
-1 8666 1
-1 8672 1
-1 8668 1
-1 8670 1
-1 8675 1
-1 8676 1
-1 8677 1
-1 8678 1
-1 8671 1
-1 8680 1
-1 8681 1
-1 8682 1
-1 8683 1
-1 8684 1
-1 8679 1
-1 8685 1
-1 8686 1
-1 8687 1
-1 8688 1
-1 8689 1
-1 8690 1
-1 8691 1
-1 8692 1
-1 8694 1
-1 8695 1
-1 8696 1
-1 8697 1
-1 8698 1
-1 8699 1
-1 8700 1
-1 8701 1
-1 8702 1
-1 8703 1
-1 8704 1
-1 8705 1
-1 8706 1
-1 8707 1
-1 25085 1
-1 8711 1
-1 25099 1
-1 8723 1
-1 8726 1
-1 25114 1
-1 8732 1
-1 8734 1
-1 8738 1
-1 8741 1
-1 25127 1
-1 8745 1
-1 25134 1
-1 8752 1
-1 8755 1
-1 8771 1
-1 8781 1
-1 21284 1
-1 25168 1
-1 8784 1
-1 25176 1
-1 25177 1
-1 8808 1
-1 25196 1
-1 8817 1
-1 25201 1
-1 25202 1
-1 25204 1
-1 8828 1
-1 25213 1
-1 21294 1
-1 8849 1
-1 25236 1
-1 8852 1
-1 25238 1
-1 8860 1
-1 8886 1
-1 8887 1
-1 8888 1
-1 8889 1
-1 25272 1
-1 8891 1
-1 8894 1
-1 8896 1
-1 8899 1
-1 8901 1
-1 25287 1
-1 25296 1
-1 8915 1
-1 25300 1
-1 25301 1
-1 8918 1
-1 25299 1
-1 8921 1
-1 25309 1
-1 25311 1
-1 8935 1
-1 25319 1
-1 8938 1
-1 8944 1
-1 8966 1
-1 25352 1
-1 25354 1
-1 25358 1
-1 25364 1
-1 25365 1
-1 8985 1
-1 8989 1
-1 25379 1
-1 9004 1
-1 25391 1
-1 25392 1
-1 25393 1
-1 9029 1
-1 25422 1
-1 25423 1
-1 25428 1
-1 25438 1
-1 25450 1
-1 9074 1
-1 25462 1
-1 25466 1
-1 25467 1
-1 25468 1
-1 25469 1
-1 9086 1
-1 25471 1
-1 9087 1
-1 9088 1
-1 9089 1
-1 9090 1
-1 9091 1
-1 9092 1
-1 9093 1
-1 9094 1
-1 9095 1
-1 9096 1
-1 9097 1
-1 9098 1
-1 9099 1
-1 9100 1
-1 9101 1
-1 9103 1
-1 9102 1
-1 9105 1
-1 9106 1
-1 9107 1
-1 9108 1
-1 9109 1
-1 9110 1
-1 9111 1
-1 9112 1
-1 9113 1
-1 9114 1
-1 9115 1
-1 9116 1
-1 9117 1
-1 9118 1
-1 9119 1
-1 9120 1
-1 9121 1
-1 9122 1
-1 9123 1
-1 9124 1
-1 9125 1
-1 9126 1
-1 9127 1
-1 9128 1
-1 9129 1
-1 9130 1
-1 9131 1
-1 9132 1
-1 9133 1
-1 9134 1
-1 9135 1
-1 9136 1
-1 9137 1
-1 9138 1
-1 9139 1
-1 9140 1
-1 9141 1
-1 9142 1
-1 9143 1
-1 9144 1
-1 9145 1
-1 9146 1
-1 9147 1
-1 25533 1
-1 25534 1
-1 25535 1
-1 9151 1
-1 25536 1
-1 25537 1
-1 9155 1
-1 25539 1
-1 9157 1
-1 25542 1
-1 9159 1
-1 25538 1
-1 25540 1
-1 25541 1
-1 9166 1
-1 9172 1
-1 25559 1
-1 25560 1
-1 9180 1
-1 9218 1
-1 9221 1
-1 9223 1
-1 9229 1
-1 25614 1
-1 9234 1
-1 9237 1
-1 25626 1
-1 9243 1
-1 9253 1
-1 9269 1
-1 9271 1
-1 25658 1
-1 25663 1
-1 9280 1
-1 9281 1
-1 25664 1
-1 25676 1
-1 25680 1
-1 25681 1
-1 25683 1
-1 9300 1
-1 25685 1
-1 25686 1
-1 9312 1
-1 25702 1
-1 9320 1
-1 9321 1
-1 9322 1
-1 9329 1
-1 9330 1
-1 9333 1
-1 9336 1
-1 25734 1
-1 9357 1
-1 9360 1
-1 25744 1
-1 9363 1
-1 9365 1
-1 9377 1
-1 25765 1
-1 9383 1
-1 9385 1
-1 9389 1
-1 9390 1
-1 25780 1
-1 25782 1
-1 25783 1
-1 25784 1
-1 25785 1
-1 25786 1
-1 25787 1
-1 9399 1
-1 25796 1
-1 9417 1
-1 9418 1
-1 25801 1
-1 9424 1
-1 9454 1
-1 9459 1
-1 25856 1
-1 25860 1
-1 9479 1
-1 25864 1
-1 25870 1
-1 25871 1
-1 9486 1
-1 25872 1
-1 9488 1
-1 25877 1
-1 25882 1
-1 9500 1
-1 9512 1
-1 25899 1
-1 9516 1
-1 9518 1
-1 25902 1
-1 9522 1
-1 9525 1
-1 9537 1
-1 9538 1
-1 25924 1
-1 9544 1
-1 25934 1
-1 9554 1
-1 25940 1
-1 9556 1
-1 9557 1
-1 9560 1
-1 9563 1
-1 9565 1
-1 25953 1
-1 9570 1
-1 9574 1
-1 25966 1
-1 9591 1
-1 9594 1
-1 9598 1
-1 25986 1
-1 9603 1
-1 9612 1
-1 26002 1
-1 26012 1
-1 9628 1
-1 9629 1
-1 9630 1
-1 26017 1
-1 9636 1
-1 9638 1
-1 9641 1
-1 9643 1
-1 9644 1
-1 26032 1
-1 26036 1
-1 26037 1
-1 9658 1
-1 26043 1
-1 9660 1
-1 9664 1
-1 9671 1
-1 9676 1
-1 9677 1
-1 26061 1
-1 9679 1
-1 9685 1
-1 9690 1
-1 26081 1
-1 26082 1
-1 26083 1
-1 26088 1
-1 9710 1
-1 26112 1
-1 26113 1
-1 26114 1
-1 26115 1
-1 26116 1
-1 26117 1
-1 26118 1
-1 26119 1
-1 26120 1
-1 26121 1
-1 26122 1
-1 26123 1
-1 9731 1
-1 9753 1
-1 26139 1
-1 9768 1
-1 9769 1
-1 26154 1
-1 9772 1
-1 26157 1
-1 9780 1
-1 9784 1
-1 9790 1
-1 9802 1
-1 26186 1
-1 26189 1
-1 9806 1
-1 26192 1
-1 9814 1
-1 9815 1
-1 9818 1
-1 26207 1
-1 26208 1
-1 26209 1
-1 26214 1
-1 9841 1
-1 9847 1
-1 9850 1
-1 26237 1
-1 9855 1
-1 9858 1
-1 26243 1
-1 9859 1
-1 9861 1
-1 9863 1
-1 9864 1
-1 9865 1
-1 9866 1
-1 26260 1
-1 26261 1
-1 26262 1
-1 9878 1
-1 9877 1
-1 9880 1
-1 9881 1
-1 9882 1
-1 9883 1
-1 9885 1
-1 26277 1
-1 9896 1
-1 9916 1
-1 26302 1
-1 26303 1
-1 9929 1
-1 9930 1
-1 9931 1
-1 9933 1
-1 9934 1
-1 9937 1
-1 9941 1
-1 9952 1
-1 9955 1
-1 9962 1
-1 9963 1
-1 9970 1
-1 9971 1
-1 26359 1
-1 9975 1
-1 9976 1
-1 9980 1
-1 26365 1
-1 9983 1
-1 9984 1
-1 26369 1
-1 26370 1
-1 26371 1
-1 26372 1
-1 26377 1
-1 26386 1
-1 26387 1
-1 26388 1
-1 10006 1
-1 26393 1
-1 10011 1
-1 10013 1
-1 10015 1
-1 10021 1
-1 26413 1
-1 10030 1
-1 10033 1
-1 10034 1
-1 10039 1
-1 10040 1
-1 10042 1
-1 26429 1
-1 10046 1
-1 10048 1
-1 10050 1
-1 10058 1
-1 26442 1
-1 10062 1
-1 10065 1
-1 10074 1
-1 26458 1
-1 26459 1
-1 26460 1
-1 26461 1
-1 26462 1
-1 26475 1
-1 10092 1
-1 26481 1
-1 26501 1
-1 26502 1
-1 26503 1
-1 10120 1
-1 10129 1
-1 26515 1
-1 26516 1
-1 26517 1
-1 10134 1
-1 26518 1
-1 26519 1
-1 10137 1
-1 10140 1
-1 10142 1
-1 10145 1
-1 26535 1
-1 26536 1
-1 26537 1
-1 26538 1
-1 26547 1
-1 26551 1
-1 10171 1
-1 26588 1
-1 10212 1
-1 10214 1
-1 10216 1
-1 10217 1
-1 10218 1
-1 26606 1
-1 10223 1
-1 10227 1
-1 10229 1
-1 10230 1
-1 10233 1
-1 10234 1
-1 10240 1
-1 26624 1
-1 10247 1
-1 10248 1
-1 10257 1
-1 26646 1
-1 10263 1
-1 10265 1
-1 26655 1
-1 26661 1
-1 26662 1
-1 26668 1
-1 26670 1
-1 26682 1
-1 10322 1
-1 10325 1
-1 10327 1
-1 10331 1
-1 10335 1
-1 10344 1
-1 10348 1
-1 26742 1
-1 10364 1
-1 10367 1
-1 26753 1
-1 10373 1
-1 26759 1
-1 10375 1
-1 26771 1
-1 26786 1
-1 10407 1
-1 26799 1
-1 10425 1
-1 10427 1
-1 10429 1
-1 10439 1
-1 10442 1
-1 10449 1
-1 10450 1
-1 26833 1
-1 26837 1
-1 10454 1
-1 26841 1
-1 26847 1
-1 26848 1
-1 10467 1
-1 10472 1
-1 10473 1
-1 10474 1
-1 10480 1
-1 10482 1
-1 10484 1
-1 10485 1
-1 10486 1
-1 26869 1
-1 10489 1
-1 10491 1
-1 10492 1
-1 10495 1
-1 10501 1
-1 10506 1
-1 26896 1
-1 10515 1
-1 26902 1
-1 10519 1
-1 10521 1
-1 10522 1
-1 10524 1
-1 26909 1
-1 26908 1
-1 10527 1
-1 26916 1
-1 10534 1
-1 10535 1
-1 10536 1
-1 10542 1
-1 10545 1
-1 10547 1
-1 10548 1
-1 10555 1
-1 10580 1
-1 10581 1
-1 10584 1
-1 10597 1
-1 10608 1
-1 10610 1
-1 26996 1
-1 26997 1
-1 26999 1
-1 10616 1
-1 10619 1
-1 27026 1
-1 10651 1
-1 27041 1
-1 10658 1
-1 27044 1
-1 27048 1
-1 27049 1
-1 27050 1
-1 27051 1
-1 27057 1
-1 10684 1
-1 27068 1
-1 27069 1
-1 27070 1
-1 27071 1
-1 27072 1
-1 27075 1
-1 10702 1
-1 10704 1
-1 10711 1
-1 10715 1
-1 10716 1
-1 10718 1
-1 27106 1
-1 27108 1
-1 10743 1
-1 27127 1
-1 10748 1
-1 10761 1
-1 10762 1
-1 10763 1
-1 10764 1
-1 27168 1
-1 10787 1
-1 10788 1
-1 10793 1
-1 10794 1
-1 10798 1
-1 27185 1
-1 10804 1
-1 10810 1
-1 27198 1
-1 10822 1
-1 10826 1
-1 10829 1
-1 10830 1
-1 10832 1
-1 10837 1
-1 10842 1
-1 10843 1
-1 10847 1
-1 10848 1
-1 10849 1
-1 10851 1
-1 10855 1
-1 27252 1
-1 8673 1
-1 10869 1
-1 27254 1
-1 8674 1
-1 10875 1
-1 10886 1
-1 10889 1
-1 27275 1
-1 27277 1
-1 10895 1
-1 10896 1
-1 10897 1
-1 10898 1
-1 10899 1
-1 10900 1
-1 10901 1
-1 10902 1
-1 10903 1
-1 10904 1
-1 10905 1
-1 10906 1
-1 10907 1
-1 10908 1
-1 10909 1
-1 10910 1
-1 10911 1
-1 10912 1
-1 10913 1
-1 10914 1
-1 10915 1
-1 10916 1
-1 10917 1
-1 10918 1
-1 10919 1
-1 10920 1
-1 10925 1
-1 27311 1
-1 27313 1
-1 10938 1
-1 10939 1
-1 27323 1
-1 10942 1
-1 10953 1
-1 27340 1
-1 10958 1
-1 27344 1
-1 10966 1
-1 10967 1
-1 8693 1
-1 10976 1
-1 27361 1
-1 10980 1
-1 10984 1
-1 10985 1
-1 10986 1
-1 27372 1
-1 10989 1
-1 11002 1
-1 27389 1
-1 11005 1
-1 11006 1
-1 11012 1
-1 11014 1
-1 11016 1
-1 11025 1
-1 11026 1
-1 11029 1
-1 11032 1
-1 11036 1
-1 11042 1
-1 11083 1
-1 11091 1
-1 11093 1
-1 11094 1
-1 11105 1
-1 11106 1
-1 11107 1
-1 11112 1
-1 11113 1
-1 11114 1
-1 11115 1
-1 11116 1
-1 11117 1
-1 11119 1
-1 11126 1
-1 11127 1
-1 11128 1
-1 11129 1
-1 11130 1
-1 11136 1
-1 11138 1
-1 11139 1
-1 11142 1
-1 27527 1
-1 11149 1
-1 11150 1
-1 27538 1
-1 11156 1
-1 27545 1
-1 11162 1
-1 27547 1
-1 27548 1
-1 27549 1
-1 27550 1
-1 11166 1
-1 27552 1
-1 27553 1
-1 11175 1
-1 27566 1
-1 11183 1
-1 11185 1
-1 11187 1
-1 27577 1
-1 11194 1
-1 11196 1
-1 11200 1
-1 11203 1
-1 27590 1
-1 11207 1
-1 11210 1
-1 27595 1
-1 11223 1
-1 11244 1
-1 11268 1
-1 11271 1
-1 11272 1
-1 11273 1
-1 11276 1
-1 11282 1
-1 11286 1
-1 11287 1
-1 11298 1
-1 27697 1
-1 11318 1
-1 27732 1
-1 11355 1
-1 27741 1
-1 11365 1
-1 11366 1
-1 11375 1
-1 11394 1
-1 25061 1
-1 11403 1
-1 11406 1
-1 11411 1
-1 11414 1
-1 11415 1
-1 11427 1
-1 11431 1
-1 11445 1
-1 11450 1
-1 11453 1
-1 11457 1
-1 27849 1
-1 27850 1
-1 27851 1
-1 27853 1
-1 27854 1
-1 27857 1
-1 27859 1
-1 27865 1
-1 25079 1
-1 27882 1
-1 27885 1
-1 11501 1
-1 11503 1
-1 11504 1
-1 27889 1
-1 27890 1
-1 27891 1
-1 11505 1
-1 11506 1
-1 11507 1
-1 11513 1
-1 11514 1
-1 11538 1
-1 11539 1
-1 11541 1
-1 11549 1
-1 11552 1
-1 27937 1
-1 11556 1
-1 11557 1
-1 11559 1
-1 11560 1
-1 27945 1
-1 27946 1
-1 11561 1
-1 11562 1
-1 27949 1
-1 27950 1
-1 27951 1
-1 11566 1
-1 27954 1
-1 27956 1
-1 27965 1
-1 27966 1
-1 27972 1
-1 27978 1
-1 11598 1
-1 11601 1
-1 11610 1
-1 27994 1
-1 11624 1
-1 11625 1
-1 28017 1
-1 11639 1
-1 28033 1
-1 11657 1
-1 11660 1
-1 11676 1
-1 11678 1
-1 11681 1
-1 28066 1
-1 11713 1
-1 11739 1
-1 11740 1
-1 11745 1
-1 11750 1
-1 11752 1
-1 11764 1
-1 11769 1
-1 11770 1
-1 11778 1
-1 11782 1
-1 11783 1
-1 11786 1
-1 11788 1
-1 11794 1
-1 11796 1
-1 11802 1
-1 11808 1
-1 11809 1
-1 11812 1
-1 11832 1
-1 11846 1
-1 11850 1
-1 11860 1
-1 11861 1
-1 11866 1
-1 11878 1
-1 11890 1
-1 11891 1
-1 11908 1
-1 28296 1
-1 11915 1
-1 11952 1
-1 28336 1
-1 11955 1
-1 11956 1
-1 11959 1
-1 28344 1
-1 28372 1
-1 11993 1
-1 28393 1
-1 12009 1
-1 28395 1
-1 28399 1
-1 12018 1
-1 28404 1
-1 12020 1
-1 28408 1
-1 12034 1
-1 12038 1
-1 12053 1
-1 12059 1
-1 12066 1
-1 12067 1
-1 12069 1
-1 12098 1
-1 12102 1
-1 12103 1
-1 12106 1
-1 12107 1
-1 28492 1
-1 28493 1
-1 28491 1
-1 28499 1
-1 28510 1
-1 12134 1
-1 12135 1
-1 12138 1
-1 12145 1
-1 12148 1
-1 12151 1
-1 12156 1
-1 12171 1
-1 12191 1
-1 12194 1
-1 12202 1
-1 12206 1
-1 12213 1
-1 12221 1
-1 12230 1
-1 12240 1
-1 28632 1
-1 12268 1
-1 28660 1
-1 12284 1
-1 12292 1
-1 12294 1
-1 28691 1
-1 12308 1
-1 28692 1
-1 28694 1
-1 28704 1
-1 12321 1
-1 28721 1
-1 12338 1
-1 12347 1
-1 28732 1
-1 28737 1
-1 28744 1
-1 12366 1
-1 28758 1
-1 12377 1
-1 28768 1
-1 28786 1
-1 12403 1
-1 12402 1
-1 12408 1
-1 12418 1
-1 12453 1
-1 12455 1
-1 12459 1
-1 12461 1
-1 12463 1
-1 12464 1
-1 12467 1
-1 12471 1
-1 12480 1
-1 12492 1
-1 12496 1
-1 12498 1
-1 12499 1
-1 12500 1
-1 12501 1
-1 12502 1
-1 12503 1
-1 12531 1
-1 12536 1
-1 12537 1
-1 28924 1
-1 12547 1
-1 12549 1
-1 28941 1
-1 12570 1
-1 12590 1
-1 12593 1
-1 28981 1
-1 28986 1
-1 28987 1
-1 28989 1
-1 12607 1
-1 28994 1
-1 28995 1
-1 28997 1
-1 29001 1
-1 12617 1
-1 29007 1
-1 12624 1
-1 12625 1
-1 12626 1
-1 12627 1
-1 12628 1
-1 12629 1
-1 12633 1
-1 12635 1
-1 12636 1
-1 12637 1
-1 12638 1
-1 12639 1
-1 12640 1
-1 12641 1
-1 12642 1
-1 12643 1
-1 12644 1
-1 29029 1
-1 29030 1
-1 29031 1
-1 12645 1
-1 12648 1
-1 29034 1
-1 29035 1
-1 29036 1
-1 29037 1
-1 29038 1
-1 12649 1
-1 12652 1
-1 12657 1
-1 12658 1
-1 12653 1
-1 29044 1
-1 29045 1
-1 29046 1
-1 12662 1
-1 12655 1
-1 12668 1
-1 12674 1
-1 12677 1
-1 12684 1
-1 29070 1
-1 29071 1
-1 29072 1
-1 29074 1
-1 12690 1
-1 29077 1
-1 29078 1
-1 29079 1
-1 29080 1
-1 29081 1
-1 29086 1
-1 29087 1
-1 12705 1
-1 12706 1
-1 29096 1
-1 12713 1
-1 12725 1
-1 12737 1
-1 12738 1
-1 12747 1
-1 12748 1
-1 12755 1
-1 12759 1
-1 12768 1
-1 12773 1
-1 29163 1
-1 29167 1
-1 29170 1
-1 29173 1
-1 12805 1
-1 12807 1
-1 29196 1
-1 29198 1
-1 29200 1
-1 12817 1
-1 12818 1
-1 29203 1
-1 12820 1
-1 12821 1
-1 12822 1
-1 29204 1
-1 12824 1
-1 12825 1
-1 12826 1
-1 12827 1
-1 29205 1
-1 29206 1
-1 29207 1
-1 29211 1
-1 12832 1
-1 12836 1
-1 12840 1
-1 12847 1
-1 29238 1
-1 12858 1
-1 12859 1
-1 12864 1
-1 12865 1
-1 12866 1
-1 12868 1
-1 12869 1
-1 12870 1
-1 12871 1
-1 12872 1
-1 12873 1
-1 12883 1
-1 12884 1
-1 12885 1
-1 12887 1
-1 18849 1
-1 12930 1
-1 29317 1
-1 29318 1
-1 12933 1
-1 29321 1
-1 12941 1
-1 12942 1
-1 12943 1
-1 29331 1
-1 29340 1
-1 12959 1
-1 12973 1
-1 12999 1
-1 29388 1
-1 29389 1
-1 29390 1
-1 29391 1
-1 29392 1
-1 29393 1
-1 29394 1
-1 29395 1
-1 29396 1
-1 29397 1
-1 29398 1
-1 29399 1
-1 29400 1
-1 29401 1
-1 29402 1
-1 29403 1
-1 29404 1
-1 29405 1
-1 29406 1
-1 29407 1
-1 29408 1
-1 29409 1
-1 29410 1
-1 29411 1
-1 29412 1
-1 29413 1
-1 29414 1
-1 29415 1
-1 29417 1
-1 13037 1
-1 13038 1
-1 13039 1
-1 13040 1
-1 9104 1
-1 13042 1
-1 29448 1
-1 29455 1
-1 29465 1
-1 29474 1
-1 13136 1
-1 13156 1
-1 13157 1
-1 13158 1
-1 13159 1
-1 13169 1
-1 13170 1
-1 13173 1
-1 13176 1
-1 13177 1
-1 13181 1
-1 13183 1
-1 13189 1
-1 13190 1
-1 13192 1
-1 13193 1
-1 13194 1
-1 13196 1
-1 13197 1
-1 13198 1
-1 13199 1
-1 13200 1
-1 13201 1
-1 13202 1
-1 13203 1
-1 13205 1
-1 13207 1
-1 13208 1
-1 13209 1
-1 13214 1
-1 13217 1
-1 13226 1
-1 13227 1
-1 13228 1
-1 13229 1
-1 13231 1
-1 13238 1
-1 13242 1
-1 13245 1
-1 13246 1
-1 13249 1
-1 13250 1
-1 9149 1
-1 9153 1
-1 13316 1
-1 13317 1
-1 13320 1
-1 13331 1
-1 13337 1
-1 13358 1
-1 13360 1
-1 13362 1
-1 13364 1
-1 13365 1
-1 13366 1
-1 13368 1
-1 13369 1
-1 13370 1
-1 13371 1
-1 13372 1
-1 13373 1
-1 13374 1
-1 13375 1
-1 13376 1
-1 13377 1
-1 13378 1
-1 13379 1
-1 13380 1
-1 13381 1
-1 29771 1
-1 13387 1
-1 29777 1
-1 29779 1
-1 13396 1
-1 13403 1
-1 13406 1
-1 13410 1
-1 13411 1
-1 13412 1
-1 13414 1
-1 13415 1
-1 13417 1
-1 13421 1
-1 13422 1
-1 13425 1
-1 13434 1
-1 13442 1
-1 13443 1
-1 13444 1
-1 13456 1
-1 13461 1
-1 13462 1
-1 13471 1
-1 13478 1
-1 13482 1
-1 13483 1
-1 13484 1
-1 13485 1
-1 13486 1
-1 13487 1
-1 13488 1
-1 13491 1
-1 13492 1
-1 13493 1
-1 13497 1
-1 13498 1
-1 13507 1
-1 13508 1
-1 13509 1
-1 13510 1
-1 13511 1
-1 13512 1
-1 13513 1
-1 13515 1
-1 13516 1
-1 29902 1
-1 13519 1
-1 13518 1
-1 13523 1
-1 13524 1
-1 13525 1
-1 13526 1
-1 13527 1
-1 29907 1
-1 29909 1
-1 25484 1
-1 13531 1
-1 29915 1
-1 25485 1
-1 29920 1
-1 25486 1
-1 13540 1
-1 13542 1
-1 29927 1
-1 13545 1
-1 13549 1
-1 25498 1
-1 25501 1
-1 25502 1
-1 13709 1
-1 13711 1
-1 25521 1
-1 13768 1
-1 13801 1
-1 13802 1
-1 13803 1
-1 13804 1
-1 13805 1
-1 13806 1
-1 13807 1
-1 13808 1
-1 13809 1
-1 13810 1
-1 13811 1
-1 13812 1
-1 13813 1
-1 13815 1
-1 13825 1
-1 13831 1
-1 13832 1
-1 13833 1
-1 13834 1
-1 13835 1
-1 13836 1
-1 13837 1
-1 13838 1
-1 13839 1
-1 13840 1
-1 13841 1
-1 13842 1
-1 13843 1
-1 13844 1
-1 13845 1
-1 13846 1
-1 13847 1
-1 13848 1
-1 13849 1
-1 13850 1
-1 13851 1
-1 13852 1
-1 13853 1
-1 13854 1
-1 13855 1
-1 13856 1
-1 13857 1
-1 13858 1
-1 13859 1
-1 13860 1
-1 13861 1
-1 13865 1
-1 13877 1
-1 13878 1
-1 13881 1
-1 13882 1
-1 30272 1
-1 30274 1
-1 13896 1
-1 30284 1
-1 13910 1
-1 13924 1
-1 13925 1
-1 13929 1
-1 13933 1
-1 13937 1
-1 13943 1
-1 13946 1
-1 13950 1
-1 30347 1
-1 13986 1
-1 13989 1
-1 14019 1
-1 14022 1
-1 14029 1
-1 14036 1
-1 14041 1
-1 14052 1
-1 14056 1
-1 14069 1
-1 14070 1
-1 14074 1
-1 14076 1
-1 14083 1
-1 30512 1
-1 30513 1
-1 30514 1
-1 30515 1
-1 30516 1
-1 30517 1
-1 30518 1
-1 30519 1
-1 14166 1
-1 14200 1
-1 14239 1
-1 14240 1
-1 14244 1
-1 14248 1
-1 14255 1
-1 14256 1
-1 14257 1
-1 14260 1
-1 14267 1
-1 14268 1
-1 14271 1
-1 14282 1
-1 14286 1
-1 14289 1
-1 14292 1
-1 30683 1
-1 14328 1
-1 14342 1
-1 14349 1
-1 14357 1
-1 14358 1
-1 14359 1
-1 14366 1
-1 14367 1
-1 14368 1
-1 14388 1
-1 14408 1
-1 14414 1
-1 30824 1
-1 14467 1
-1 12646 1
-1 12647 1
-1 14480 1
-1 14488 1
-1 14498 1
-1 14499 1
-1 14503 1
-1 14504 1
-1 14505 1
-1 14507 1
-1 12654 1
-1 14516 1
-1 14520 1
-1 14523 1
-1 14528 1
-1 14550 1
-1 14552 1
-1 14555 1
-1 14556 1
-1 14558 1
-1 14574 1
-1 14596 1
-1 14607 1
-1 14631 1
-1 14639 1
-1 14643 1
-1 14644 1
-1 14645 1
-1 14648 1
-1 14652 1
-1 14661 1
-1 14662 1
-1 14663 1
-1 14664 1
-1 14665 1
-1 14667 1
-1 14669 1
-1 14672 1
-1 14673 1
-1 14674 1
-1 14676 1
-1 14677 1
-1 14678 1
-1 14679 1
-1 14680 1
-1 14681 1
-1 14682 1
-1 14683 1
-1 14684 1
-1 14685 1
-1 14686 1
-1 14687 1
-1 14688 1
-1 14689 1
-1 14690 1
-1 14692 1
-1 14693 1
-1 14697 1
-1 14698 1
-1 14699 1
-1 14701 1
-1 14702 1
-1 14704 1
-1 14705 1
-1 14706 1
-1 14707 1
-1 14710 1
-1 14713 1
-1 14727 1
-1 14729 1
-1 14747 1
-1 14748 1
-1 14750 1
-1 14751 1
-1 14752 1
-1 14755 1
-1 14763 1
-1 14766 1
-1 14769 1
-1 14770 1
-1 14771 1
-1 14785 1
-1 14786 1
-1 14795 1
-1 14796 1
-1 14802 1
-1 14803 1
-1 14804 1
-1 14806 1
-1 14808 1
-1 14810 1
-1 14811 1
-1 14813 1
-1 14814 1
-1 14816 1
-1 14817 1
-1 14818 1
-1 14819 1
-1 14833 1
-1 14839 1
-1 14849 1
-1 14850 1
-1 14864 1
-1 14865 1
-1 14866 1
-1 14867 1
-1 14868 1
-1 14869 1
-1 14870 1
-1 14871 1
-1 14872 1
-1 14873 1
-1 14874 1
-1 14875 1
-1 14876 1
-1 14877 1
-1 14878 1
-1 14879 1
-1 14880 1
-1 14881 1
-1 14882 1
-1 14883 1
-1 14884 1
-1 14895 1
-1 31281 1
-1 14907 1
-1 14918 1
-1 14927 1
-1 14966 1
-1 14976 1
-1 14981 1
-1 14984 1
-1 14986 1
-1 14988 1
-1 14989 1
-1 14990 1
-1 14993 1
-1 14995 1
-1 15001 1
-1 15020 1
-1 15022 1
-1 31415 1
-1 15033 1
-1 15040 1
-1 15041 1
-1 15042 1
-1 15044 1
-1 15056 1
-1 15057 1
-1 15058 1
-1 15059 1
-1 15060 1
-1 15061 1
-1 15069 1
-1 15070 1
-1 15071 1
-1 15072 1
-1 15073 1
-1 15075 1
-1 15078 1
-1 15080 1
-1 15081 1
-1 15086 1
-1 15088 1
-1 15095 1
-1 15096 1
-1 15097 1
-1 15121 1
-1 15124 1
-1 15129 1
-1 15137 1
-1 15141 1
-1 15169 1
-1 15170 1
-1 15171 1
-1 15172 1
-1 15173 1
-1 15174 1
-1 15175 1
-1 15176 1
-1 15177 1
-1 15178 1
-1 15179 1
-1 15180 1
-1 15181 1
-1 15182 1
-1 15183 1
-1 15184 1
-1 15185 1
-1 15186 1
-1 15187 1
-1 15188 1
-1 15189 1
-1 15190 1
-1 15191 1
-1 15192 1
-1 15193 1
-1 15194 1
-1 15195 1
-1 15196 1
-1 15197 1
-1 15198 1
-1 15199 1
-1 15200 1
-1 15201 1
-1 15202 1
-1 15203 1
-1 15204 1
-1 15205 1
-1 15206 1
-1 15207 1
-1 15208 1
-1 15209 1
-1 15210 1
-1 15211 1
-1 15212 1
-1 15213 1
-1 15214 1
-1 15215 1
-1 15216 1
-1 15217 1
-1 15218 1
-1 15219 1
-1 15220 1
-1 15221 1
-1 15222 1
-1 15223 1
-1 15224 1
-1 15225 1
-1 15226 1
-1 15227 1
-1 15228 1
-1 15229 1
-1 15230 1
-1 15231 1
-1 15232 1
-1 15233 1
-1 15234 1
-1 15235 1
-1 15236 1
-1 15237 1
-1 15238 1
-1 15239 1
-1 15240 1
-1 15241 1
-1 15242 1
-1 15243 1
-1 15244 1
-1 15245 1
-1 15246 1
-1 15247 1
-1 15248 1
-1 15249 1
-1 15250 1
-1 15251 1
-1 15252 1
-1 15253 1
-1 15254 1
-1 15255 1
-1 15256 1
-1 15257 1
-1 15258 1
-1 15259 1
-1 15260 1
-1 15261 1
-1 15262 1
-1 15263 1
-1 15264 1
-1 15265 1
-1 15266 1
-1 15267 1
-1 15268 1
-1 15269 1
-1 15270 1
-1 15271 1
-1 15272 1
-1 15273 1
-1 15274 1
-1 15275 1
-1 15276 1
-1 15277 1
-1 15278 1
-1 15279 1
-1 15280 1
-1 15281 1
-1 15282 1
-1 15283 1
-1 15284 1
-1 15285 1
-1 15286 1
-1 15287 1
-1 15288 1
-1 15289 1
-1 15290 1
-1 15291 1
-1 15292 1
-1 15293 1
-1 15294 1
-1 15295 1
-1 15296 1
-1 15297 1
-1 15298 1
-1 15299 1
-1 15300 1
-1 15301 1
-1 15302 1
-1 15303 1
-1 15304 1
-1 15305 1
-1 15306 1
-1 15307 1
-1 15308 1
-1 15309 1
-1 15310 1
-1 15311 1
-1 15317 1
-1 15326 1
-1 15358 1
-1 15398 1
-1 15439 1
-1 15454 1
-1 15498 1
-1 15523 1
-1 15533 1
-1 15548 1
-1 15587 1
-1 15591 1
-1 15593 1
-1 15595 1
-1 15596 1
-1 15599 1
-1 15612 1
-1 15613 1
-1 15614 1
-1 15619 1
-1 15622 1
-1 15624 1
-1 15626 1
-1 15641 1
-1 15646 1
-1 15659 1
-1 15665 1
-1 15666 1
-1 15672 1
-1 15706 1
-1 15707 1
-1 15708 1
-1 15710 1
-1 15718 1
-1 15727 1
-1 15749 1
-1 15756 1
-1 15785 1
-1 15796 1
-1 19423 1
-1 19424 1
-1 15811 1
-1 19425 1
-1 19426 1
-1 15822 1
-1 15826 1
-1 15830 1
-1 15833 1
-1 15834 1
-1 15835 1
-1 15842 1
-1 15850 1
-1 15857 1
-1 15862 1
-1 15863 1
-1 15877 1
-1 19439 1
-1 15883 1
-1 15886 1
-1 15890 1
-1 15904 1
-1 15912 1
-1 15914 1
-1 15919 1
-1 15924 1
-1 19448 1
-1 15929 1
-1 15935 1
-1 15938 1
-1 15955 1
-1 15972 1
-1 15984 1
-1 15997 1
-1 16002 1
-1 16017 1
-1 16027 1
-1 16028 1
-1 19470 1
-1 19471 1
-1 16045 1
-1 16074 1
-1 16080 1
-1 3896 1
-1 16119 1
-1 16125 1
-1 16134 1
-1 16140 1
-1 3898 1
-1 16164 1
-1 16176 1
-1 16177 1
-1 16182 1
-1 16197 1
-1 16219 1
-1 16255 1
-1 16275 1
-1 16277 1
-1 16283 1
-1 16293 1
-1 16299 1
-1 16300 1
-1 16312 1
-1 16319 1
-1 16352 1
-1 16365 1
