-1 0 1
-1 4098 1
-1 6 1
-1 7 1
-1 4104 1
-1 8198 1
-1 8202 1
-1 11 1
-1 12 1
-1 16395 1
-1 14 1
-1 4111 1
-1 8199 1
-1 17 1
-1 18 1
-1 8210 1
-1 4116 1
-1 22 1
-1 8216 1
-1 4124 1
-1 4126 1
-1 31 1
-1 8224 1
-1 32 1
-1 8226 1
-1 12323 1
-1 34 1
-1 12325 1
-1 33 1
-1 8227 1
-1 40 1
-1 16424 1
-1 42 1
-1 43 1
-1 44 1
-1 4139 1
-1 46 1
-1 8238 1
-1 53 1
-1 4149 1
-1 56 1
-1 57 1
-1 58 1
-1 59 1
-1 4156 1
-1 12348 1
-1 64 1
-1 65 1
-1 67 1
-1 69 1
-1 8261 1
-1 4167 1
-1 72 1
-1 8264 1
-1 74 1
-1 4168 1
-1 16460 1
-1 75 1
-1 78 1
-1 73 1
-1 79 1
-1 80 1
-1 4178 1
-1 12371 1
-1 83 1
-1 8270 1
-1 8273 1
-1 87 1
-1 8279 1
-1 4185 1
-1 91 1
-1 94 1
-1 95 1
-1 8289 1
-1 8290 1
-1 99 1
-1 16482 1
-1 98 1
-1 16486 1
-1 102 1
-1 8294 1
-1 105 1
-1 106 1
-1 107 1
-1 108 1
-1 110 1
-1 111 1
-1 16496 1
-1 12404 1
-1 116 1
-1 119 1
-1 120 1
-1 123 1
-1 124 1
-1 12411 1
-1 4219 1
-1 127 1
-1 126 1
-1 16509 1
-1 129 1
-1 12419 1
-1 132 1
-1 16510 1
-1 136 1
-1 141 1
-1 8339 1
-1 147 1
-1 149 1
-1 12438 1
-1 152 1
-1 153 1
-1 154 1
-1 156 1
-1 12444 1
-1 12452 1
-1 165 1
-1 16552 1
-1 169 1
-1 12458 1
-1 171 1
-1 170 1
-1 174 1
-1 175 1
-1 12464 1
-1 177 1
-1 178 1
-1 182 1
-1 12471 1
-1 185 1
-1 186 1
-1 8379 1
-1 187 1
-1 188 1
-1 190 1
-1 189 1
-1 191 1
-1 8385 1
-1 193 1
-1 195 1
-1 194 1
-1 196 1
-1 202 1
-1 16589 1
-1 210 1
-1 211 1
-1 215 1
-1 8409 1
-1 219 1
-1 12509 1
-1 221 1
-1 225 1
-1 226 1
-1 16611 1
-1 8420 1
-1 16616 1
-1 4330 1
-1 16623 1
-1 239 1
-1 16625 1
-1 244 1
-1 246 1
-1 8190 1
-1 4347 1
-1 16637 1
-1 256 1
-1 257 1
-1 16644 1
-1 16645 1
-1 267 1
-1 4365 1
-1 271 1
-1 16656 1
-1 12562 1
-1 279 1
-1 280 1
-1 16663 1
-1 285 1
-1 289 1
-1 4387 1
-1 291 1
-1 293 1
-1 294 1
-1 295 1
-1 12586 1
-1 298 1
-1 8493 1
-1 8496 1
-1 12593 1
-1 306 1
-1 307 1
-1 308 1
-1 312 1
-1 313 1
-1 16698 1
-1 8506 1
-1 315 1
-1 16700 1
-1 318 1
-1 319 1
-1 320 1
-1 321 1
-1 12611 1
-1 323 1
-1 12614 1
-1 327 1
-1 338 1
-1 339 1
-1 342 1
-1 343 1
-1 16729 1
-1 347 1
-1 12639 1
-1 8550 1
-1 359 1
-1 12653 1
-1 16751 1
-1 16763 1
-1 16768 1
-1 8587 1
-1 16779 1
-1 8592 1
-1 12693 1
-1 8599 1
-1 412 1
-1 421 1
-1 16807 1
-1 424 1
-1 4521 1
-1 8619 1
-1 8621 1
-1 8623 1
-1 12724 1
-1 12728 1
-1 8632 1
-1 8636 1
-1 449 1
-1 16834 1
-1 16846 1
-1 16849 1
-1 16851 1
-1 8661 1
-1 8663 1
-1 8670 1
-1 4575 1
-1 4576 1
-1 4577 1
-1 4578 1
-1 4579 1
-1 4580 1
-1 4581 1
-1 4582 1
-1 4583 1
-1 16872 1
-1 12776 1
-1 4586 1
-1 12784 1
-1 16881 1
-1 8692 1
-1 16886 1
-1 8695 1
-1 4600 1
-1 12794 1
-1 16892 1
-1 8703 1
-1 4172 1
-1 4609 1
-1 8706 1
-1 8705 1
-1 4619 1
-1 8719 1
-1 16912 1
-1 12817 1
-1 528 1
-1 4628 1
-1 4631 1
-1 4633 1
-1 4634 1
-1 4635 1
-1 4636 1
-1 4637 1
-1 16931 1
-1 4644 1
-1 4643 1
-1 8740 1
-1 12840 1
-1 8745 1
-1 8747 1
-1 8748 1
-1 4653 1
-1 8750 1
-1 12851 1
-1 8767 1
-1 578 1
-1 12868 1
-1 8774 1
-1 8776 1
-1 16973 1
-1 12878 1
-1 16975 1
-1 8783 1
-1 8782 1
-1 8790 1
-1 12886 1
-1 8792 1
-1 8796 1
-1 8797 1
-1 12897 1
-1 8801 1
-1 4707 1
-1 4709 1
-1 4712 1
-1 4714 1
-1 8812 1
-1 4717 1
-1 4716 1
-1 4718 1
-1 4721 1
-1 12915 1
-1 4724 1
-1 4725 1
-1 12918 1
-1 4727 1
-1 12919 1
-1 12921 1
-1 8825 1
-1 4731 1
-1 4733 1
-1 4735 1
-1 12928 1
-1 8835 1
-1 17028 1
-1 4743 1
-1 4746 1
-1 8846 1
-1 8847 1
-1 8855 1
-1 4764 1
-1 17053 1
-1 4765 1
-1 8863 1
-1 4768 1
-1 4769 1
-1 4772 1
-1 17065 1
-1 8873 1
-1 4779 1
-1 4777 1
-1 4778 1
-1 4781 1
-1 8875 1
-1 4784 1
-1 4789 1
-1 4791 1
-1 12983 1
-1 4795 1
-1 8892 1
-1 4801 1
-1 12997 1
-1 8902 1
-1 4808 1
-1 17097 1
-1 4810 1
-1 17103 1
-1 4819 1
-1 4822 1
-1 4826 1
-1 17114 1
-1 4828 1
-1 13024 1
-1 13031 1
-1 4842 1
-1 8940 1
-1 8941 1
-1 8942 1
-1 4847 1
-1 13040 1
-1 17137 1
-1 13042 1
-1 4851 1
-1 4854 1
-1 13048 1
-1 4861 1
-1 4862 1
-1 767 1
-1 4865 1
-1 8961 1
-1 17155 1
-1 4869 1
-1 4871 1
-1 17160 1
-1 8967 1
-1 4874 1
-1 8973 1
-1 8974 1
-1 4877 1
-1 4880 1
-1 8977 1
-1 17168 1
-1 4882 1
-1 783 1
-1 8984 1
-1 4891 1
-1 4897 1
-1 8999 1
-1 4904 1
-1 17193 1
-1 9004 1
-1 13101 1
-1 4917 1
-1 4923 1
-1 4925 1
-1 9024 1
-1 9025 1
-1 4929 1
-1 4933 1
-1 17224 1
-1 13133 1
-1 9037 1
-1 13142 1
-1 4951 1
-1 17240 1
-1 4956 1
-1 4962 1
-1 4971 1
-1 17263 1
-1 4980 1
-1 4982 1
-1 4986 1
-1 4992 1
-1 4997 1
-1 9093 1
-1 4999 1
-1 13193 1
-1 5003 1
-1 13196 1
-1 17294 1
-1 13199 1
-1 5009 1
-1 5012 1
-1 5015 1
-1 5018 1
-1 17311 1
-1 5030 1
-1 5031 1
-1 17321 1
-1 13229 1
-1 17326 1
-1 13233 1
-1 5046 1
-1 13238 1
-1 13240 1
-1 17337 1
-1 17334 1
-1 13244 1
-1 9148 1
-1 13246 1
-1 13247 1
-1 5055 1
-1 13248 1
-1 5059 1
-1 17349 1
-1 5063 1
-1 13256 1
-1 13258 1
-1 5067 1
-1 13261 1
-1 5071 1
-1 9170 1
-1 13268 1
-1 5077 1
-1 982 1
-1 983 1
-1 9176 1
-1 5081 1
-1 5082 1
-1 9178 1
-1 13274 1
-1 13277 1
-1 13279 1
-1 993 1
-1 13282 1
-1 13283 1
-1 5095 1
-1 17384 1
-1 9196 1
-1 9201 1
-1 13297 1
-1 5107 1
-1 17397 1
-1 17398 1
-1 13306 1
-1 13314 1
-1 9219 1
-1 5126 1
-1 5132 1
-1 5133 1
-1 13324 1
-1 5136 1
-1 5137 1
-1 5138 1
-1 5141 1
-1 5142 1
-1 9239 1
-1 5144 1
-1 13338 1
-1 5148 1
-1 5153 1
-1 9254 1
-1 5161 1
-1 1067 1
-1 13355 1
-1 9263 1
-1 5169 1
-1 5170 1
-1 5173 1
-1 5174 1
-1 13368 1
-1 5178 1
-1 17467 1
-1 5180 1
-1 5184 1
-1 17472 1
-1 1090 1
-1 13377 1
-1 5189 1
-1 17478 1
-1 5195 1
-1 5199 1
-1 5201 1
-1 5202 1
-1 5204 1
-1 13400 1
-1 5210 1
-1 9310 1
-1 5215 1
-1 5214 1
-1 5220 1
-1 13416 1
-1 5233 1
-1 5239 1
-1 17529 1
-1 1146 1
-1 5244 1
-1 5246 1
-1 13438 1
-1 17536 1
-1 5250 1
-1 5256 1
-1 17548 1
-1 9356 1
-1 13455 1
-1 17552 1
-1 9360 1
-1 1172 1
-1 13466 1
-1 5274 1
-1 9370 1
-1 17567 1
-1 5281 1
-1 5285 1
-1 13478 1
-1 9383 1
-1 17573 1
-1 9385 1
-1 9386 1
-1 5291 1
-1 5302 1
-1 13494 1
-1 5305 1
-1 13499 1
-1 5307 1
-1 9404 1
-1 17598 1
-1 13503 1
-1 1217 1
-1 17602 1
-1 5314 1
-1 5316 1
-1 9416 1
-1 5322 1
-1 17615 1
-1 1235 1
-1 9428 1
-1 5333 1
-1 5338 1
-1 13531 1
-1 9434 1
-1 13533 1
-1 9437 1
-1 9440 1
-1 5351 1
-1 9447 1
-1 9450 1
-1 5356 1
-1 1263 1
-1 1264 1
-1 1269 1
-1 13561 1
-1 1275 1
-1 13570 1
-1 5378 1
-1 5381 1
-1 13575 1
-1 5384 1
-1 1291 1
-1 13579 1
-1 17692 1
-1 9502 1
-1 9503 1
-1 17694 1
-1 9506 1
-1 9508 1
-1 9509 1
-1 17702 1
-1 13606 1
-1 5416 1
-1 1320 1
-1 5422 1
-1 1327 1
-1 17713 1
-1 9525 1
-1 13622 1
-1 9527 1
-1 5431 1
-1 5433 1
-1 5429 1
-1 5430 1
-1 13628 1
-1 5437 1
-1 9536 1
-1 17748 1
-1 13656 1
-1 9563 1
-1 17759 1
-1 1378 1
-1 1380 1
-1 17765 1
-1 9575 1
-1 9576 1
-1 17768 1
-1 9582 1
-1 13681 1
-1 17778 1
-1 9588 1
-1 17780 1
-1 5506 1
-1 13701 1
-1 9607 1
-1 17799 1
-1 17803 1
-1 9613 1
-1 9616 1
-1 9618 1
-1 13720 1
-1 5529 1
-1 5530 1
-1 9627 1
-1 5540 1
-1 13733 1
-1 9641 1
-1 5548 1
-1 5549 1
-1 13742 1
-1 9648 1
-1 5552 1
-1 13748 1
-1 9657 1
-1 13762 1
-1 5570 1
-1 17862 1
-1 17870 1
-1 5588 1
-1 9687 1
-1 13786 1
-1 17883 1
-1 13788 1
-1 1513 1
-1 13802 1
-1 13804 1
-1 17900 1
-1 5613 1
-1 9712 1
-1 13812 1
-1 5627 1
-1 9729 1
-1 9731 1
-1 5636 1
-1 13832 1
-1 13833 1
-1 9736 1
-1 5640 1
-1 17931 1
-1 5645 1
-1 17938 1
-1 17940 1
-1 9752 1
-1 5660 1
-1 1565 1
-1 9767 1
-1 9772 1
-1 5679 1
-1 5689 1
-1 1593 1
-1 9789 1
-1 5693 1
-1 9791 1
-1 5695 1
-1 5697 1
-1 9790 1
-1 5701 1
-1 1608 1
-1 18006 1
-1 18008 1
-1 1627 1
-1 5728 1
-1 9833 1
-1 5742 1
-1 13936 1
-1 9853 1
-1 5760 1
-1 18056 1
-1 18062 1
-1 13971 1
-1 13974 1
-1 13975 1
-1 13976 1
-1 5784 1
-1 13981 1
-1 5796 1
-1 18088 1
-1 18100 1
-1 14013 1
-1 9919 1
-1 9920 1
-1 5830 1
-1 14028 1
-1 5837 1
-1 9940 1
-1 9941 1
-1 9947 1
-1 14054 1
-1 9964 1
-1 18163 1
-1 14070 1
-1 9978 1
-1 14074 1
-1 9982 1
-1 9988 1
-1 9995 1
-1 14094 1
-1 1815 1
-1 14104 1
-1 18210 1
-1 10019 1
-1 14125 1
-1 14134 1
-1 18230 1
-1 1860 1
-1 10059 1
-1 10060 1
-1 14168 1
-1 5982 1
-1 10078 1
-1 6000 1
-1 18298 1
-1 14212 1
-1 14224 1
-1 10131 1
-1 14236 1
-1 14247 1
-1 6057 1
-1 10162 1
-1 14264 1
-1 10173 1
-1 14273 1
-1 10182 1
-1 10191 1
-1 10202 1
-1 10213 1
-1 10216 1
-1 10217 1
-1 10218 1
-1 10219 1
-1 10221 1
-1 10224 1
-1 10228 1
-1 10232 1
-1 10233 1
-1 14330 1
-1 18427 1
-1 14337 1
-1 10244 1
-1 10248 1
-1 10250 1
-1 14348 1
-1 10278 1
-1 18482 1
-1 10299 1
-1 14406 1
-1 2120 1
-1 10314 1
-1 14413 1
-1 2128 1
-1 6225 1
-1 14418 1
-1 14417 1
-1 10324 1
-1 14424 1
-1 10330 1
-1 14431 1
-1 2151 1
-1 10345 1
-1 18537 1
-1 10350 1
-1 18543 1
-1 14448 1
-1 18545 1
-1 10354 1
-1 14457 1
-1 14461 1
-1 10368 1
-1 10369 1
-1 18562 1
-1 10375 1
-1 14473 1
-1 2190 1
-1 6290 1
-1 18578 1
-1 10390 1
-1 14489 1
-1 10394 1
-1 10396 1
-1 14499 1
-1 18626 1
-1 10441 1
-1 2255 1
-1 10448 1
-1 10451 1
-1 6359 1
-1 10459 1
-1 10469 1
-1 10471 1
-1 2282 1
-1 18669 1
-1 6385 1
-1 14583 1
-1 14585 1
-1 10490 1
-1 6399 1
-1 14593 1
-1 18690 1
-1 18693 1
-1 2310 1
-1 14605 1
-1 6416 1
-1 18706 1
-1 18708 1
-1 14614 1
-1 10519 1
-1 10523 1
-1 18717 1
-1 10526 1
-1 10527 1
-1 14625 1
-1 10530 1
-1 14632 1
-1 18733 1
-1 2350 1
-1 14644 1
-1 18742 1
-1 14653 1
-1 14654 1
-1 10559 1
-1 14656 1
-1 14663 1
-1 10568 1
-1 10574 1
-1 10575 1
-1 14679 1
-1 10584 1
-1 10585 1
-1 10587 1
-1 18782 1
-1 6499 1
-1 2406 1
-1 10601 1
-1 10614 1
-1 6519 1
-1 14712 1
-1 18807 1
-1 14718 1
-1 10646 1
-1 10652 1
-1 14749 1
-1 10654 1
-1 6559 1
-1 10662 1
-1 2476 1
-1 2477 1
-1 2478 1
-1 14765 1
-1 10673 1
-1 2482 1
-1 2483 1
-1 2484 1
-1 10675 1
-1 2486 1
-1 2487 1
-1 2488 1
-1 2489 1
-1 14774 1
-1 2485 1
-1 6588 1
-1 2493 1
-1 2494 1
-1 14783 1
-1 2496 1
-1 10686 1
-1 2500 1
-1 2503 1
-1 2507 1
-1 10702 1
-1 14798 1
-1 2517 1
-1 2522 1
-1 2524 1
-1 2525 1
-1 14814 1
-1 2527 1
-1 2528 1
-1 2530 1
-1 2531 1
-1 2532 1
-1 2533 1
-1 2536 1
-1 2537 1
-1 2538 1
-1 2539 1
-1 2541 1
-1 6641 1
-1 2551 1
-1 2552 1
-1 2553 1
-1 2554 1
-1 14844 1
-1 10748 1
-1 2559 1
-1 2560 1
-1 2561 1
-1 14850 1
-1 2563 1
-1 2564 1
-1 10757 1
-1 2565 1
-1 2568 1
-1 2569 1
-1 2570 1
-1 2571 1
-1 2573 1
-1 2577 1
-1 2578 1
-1 2579 1
-1 2581 1
-1 2583 1
-1 2584 1
-1 2585 1
-1 14879 1
-1 2592 1
-1 14881 1
-1 2598 1
-1 2599 1
-1 14892 1
-1 2607 1
-1 2608 1
-1 2609 1
-1 2610 1
-1 2611 1
-1 2613 1
-1 6717 1
-1 10813 1
-1 2622 1
-1 2624 1
-1 6721 1
-1 2627 1
-1 10820 1
-1 2629 1
-1 10822 1
-1 2632 1
-1 2634 1
-1 14927 1
-1 2639 1
-1 2641 1
-1 2642 1
-1 14932 1
-1 2645 1
-1 2650 1
-1 10846 1
-1 10850 1
-1 6759 1
-1 2671 1
-1 14959 1
-1 2672 1
-1 10867 1
-1 10868 1
-1 2687 1
-1 10881 1
-1 14980 1
-1 6789 1
-1 14984 1
-1 2704 1
-1 10901 1
-1 6808 1
-1 2716 1
-1 2727 1
-1 10921 1
-1 10922 1
-1 10924 1
-1 6829 1
-1 2734 1
-1 15020 1
-1 6832 1
-1 6834 1
-1 15029 1
-1 15032 1
-1 10937 1
-1 10941 1
-1 15038 1
-1 2750 1
-1 2753 1
-1 10947 1
-1 2756 1
-1 2759 1
-1 6867 1
-1 15062 1
-1 2775 1
-1 2780 1
-1 6876 1
-1 2781 1
-1 15071 1
-1 2784 1
-1 6884 1
-1 2789 1
-1 2788 1
-1 15081 1
-1 2796 1
-1 2798 1
-1 2800 1
-1 2801 1
-1 2802 1
-1 10996 1
-1 2805 1
-1 2806 1
-1 2807 1
-1 2808 1
-1 11004 1
-1 2813 1
-1 2814 1
-1 6911 1
-1 2821 1
-1 2822 1
-1 6918 1
-1 2828 1
-1 15117 1
-1 11022 1
-1 2831 1
-1 6928 1
-1 2835 1
-1 11034 1
-1 11035 1
-1 11036 1
-1 11040 1
-1 11041 1
-1 11045 1
-1 11046 1
-1 15141 1
-1 11049 1
-1 11056 1
-1 6961 1
-1 2867 1
-1 11063 1
-1 11064 1
-1 11066 1
-1 11073 1
-1 15170 1
-1 6977 1
-1 11075 1
-1 15175 1
-1 6984 1
-1 11081 1
-1 11084 1
-1 11087 1
-1 2897 1
-1 6993 1
-1 11092 1
-1 11096 1
-1 7002 1
-1 11098 1
-1 11100 1
-1 7007 1
-1 11107 1
-1 15204 1
-1 11111 1
-1 15209 1
-1 2930 1
-1 15219 1
-1 15225 1
-1 11130 1
-1 11132 1
-1 7038 1
-1 15235 1
-1 7055 1
-1 7058 1
-1 7059 1
-1 11156 1
-1 7065 1
-1 7069 1
-1 7070 1
-1 15264 1
-1 7073 1
-1 15265 1
-1 7075 1
-1 15274 1
-1 11184 1
-1 11188 1
-1 11190 1
-1 11193 1
-1 15292 1
-1 7104 1
-1 11203 1
-1 11206 1
-1 15310 1
-1 11215 1
-1 15313 1
-1 11218 1
-1 7125 1
-1 7129 1
-1 11226 1
-1 11228 1
-1 15325 1
-1 7135 1
-1 11233 1
-1 7141 1
-1 15334 1
-1 7144 1
-1 7145 1
-1 11240 1
-1 7151 1
-1 15345 1
-1 7155 1
-1 7165 1
-1 15361 1
-1 7171 1
-1 15366 1
-1 7177 1
-1 7178 1
-1 11276 1
-1 15381 1
-1 15383 1
-1 3098 1
-1 11293 1
-1 3101 1
-1 11298 1
-1 3107 1
-1 7208 1
-1 11314 1
-1 7243 1
-1 7252 1
-1 7254 1
-1 15447 1
-1 7263 1
-1 7276 1
-1 7283 1
-1 7295 1
-1 7302 1
-1 7305 1
-1 7313 1
-1 15505 1
-1 15506 1
-1 15509 1
-1 7320 1
-1 7344 1
-1 7349 1
-1 7355 1
-1 3263 1
-1 7360 1
-1 7370 1
-1 15564 1
-1 15566 1
-1 7380 1
-1 15573 1
-1 15575 1
-1 7385 1
-1 15586 1
-1 7395 1
-1 15593 1
-1 11498 1
-1 15603 1
-1 7413 1
-1 15607 1
-1 3328 1
-1 7430 1
-1 15634 1
-1 7443 1
-1 7453 1
-1 7456 1
-1 15652 1
-1 11571 1
-1 3397 1
-1 7495 1
-1 7499 1
-1 15695 1
-1 3408 1
-1 15704 1
-1 11613 1
-1 7517 1
-1 7524 1
-1 3435 1
-1 7537 1
-1 15731 1
-1 7542 1
-1 7544 1
-1 15737 1
-1 15743 1
-1 15746 1
-1 7554 1
-1 7556 1
-1 3465 1
-1 15757 1
-1 15760 1
-1 7569 1
-1 3489 1
-1 7586 1
-1 7591 1
-1 7594 1
-1 15794 1
-1 3509 1
-1 3525 1
-1 3541 1
-1 7650 1
-1 15843 1
-1 7652 1
-1 15852 1
-1 3605 1
-1 7702 1
-1 7709 1
-1 15908 1
-1 11815 1
-1 7745 1
-1 7749 1
-1 15942 1
-1 15950 1
-1 11859 1
-1 15956 1
-1 11860 1
-1 11871 1
-1 3694 1
-1 7795 1
-1 7820 1
-1 16018 1
-1 11925 1
-1 7830 1
-1 3735 1
-1 16026 1
-1 11930 1
-1 7838 1
-1 16034 1
-1 7844 1
-1 16036 1
-1 16046 1
-1 16050 1
-1 16052 1
-1 16062 1
-1 11968 1
-1 16065 1
-1 16082 1
-1 11989 1
-1 7898 1
-1 3811 1
-1 3824 1
-1 12038 1
-1 7947 1
-1 7957 1
-1 12084 1
-1 3894 1
-1 12088 1
-1 3901 1
-1 3907 1
-1 8005 1
-1 8012 1
-1 3921 1
-1 3924 1
-1 12116 1
-1 16212 1
-1 8025 1
-1 16223 1
-1 12135 1
-1 8039 1
-1 16245 1
-1 16253 1
-1 12159 1
-1 12167 1
-1 8075 1
-1 16278 1
-1 12183 1
-1 8090 1
-1 3995 1
-1 16284 1
-1 12186 1
-1 16288 1
-1 8098 1
-1 16294 1
-1 8103 1
-1 16298 1
-1 8111 1
-1 16304 1
-1 8112 1
-1 4017 1
-1 16307 1
-1 8129 1
-1 12230 1
-1 4041 1
-1 12234 1
-1 8140 1
-1 8145 1
-1 8146 1
-1 4051 1
-1 4052 1
-1 4054 1
-1 8151 1
-1 4058 1
-1 4059 1
-1 8156 1
-1 8159 1
-1 12260 1
-1 16356 1
-1 16359 1
-1 8170 1
-1 8171 1
-1 16364 1
-1 16365 1
-1 4076 1
-1 12273 1
-1 12280 1
-1 12281 1
-1 4091 1
-1 16381 1
-1 12286 1
-1 8191 1
