-1 0 1
-1 1 1
-1 2 1
-1 3 1
-1 4 1
-1 5 1
-1 6 1
-1 7 1
-1 8 1
-1 8198 1
-1 8202 1
-1 8203 1
-1 10 1
-1 13 1
-1 11 1
-1 15 1
-1 16 1
-1 17 1
-1 18 1
-1 19 1
-1 12 1
-1 21 1
-1 22 1
-1 14 1
-1 24 1
-1 25 1
-1 26 1
-1 27 1
-1 8220 1
-1 23 1
-1 30 1
-1 31 1
-1 32 1
-1 33 1
-1 34 1
-1 35 1
-1 36 1
-1 37 1
-1 8224 1
-1 39 1
-1 40 1
-1 41 1
-1 42 1
-1 16427 1
-1 44 1
-1 45 1
-1 46 1
-1 47 1
-1 8240 1
-1 49 1
-1 48 1
-1 8243 1
-1 43 1
-1 53 1
-1 16438 1
-1 55 1
-1 56 1
-1 57 1
-1 54 1
-1 59 1
-1 58 1
-1 61 1
-1 60 1
-1 63 1
-1 64 1
-1 65 1
-1 62 1
-1 66 1
-1 68 1
-1 69 1
-1 70 1
-1 67 1
-1 72 1
-1 8265 1
-1 74 1
-1 8267 1
-1 76 1
-1 8269 1
-1 78 1
-1 75 1
-1 8270 1
-1 81 1
-1 82 1
-1 77 1
-1 83 1
-1 85 1
-1 86 1
-1 87 1
-1 8280 1
-1 89 1
-1 88 1
-1 84 1
-1 92 1
-1 93 1
-1 90 1
-1 95 1
-1 96 1
-1 97 1
-1 98 1
-1 91 1
-1 100 1
-1 8293 1
-1 102 1
-1 103 1
-1 101 1
-1 104 1
-1 106 1
-1 99 1
-1 108 1
-1 109 1
-1 110 1
-1 105 1
-1 112 1
-1 16497 1
-1 114 1
-1 16499 1
-1 113 1
-1 115 1
-1 118 1
-1 119 1
-1 120 1
-1 121 1
-1 122 1
-1 123 1
-1 124 1
-1 125 1
-1 126 1
-1 127 1
-1 128 1
-1 129 1
-1 130 1
-1 131 1
-1 132 1
-1 133 1
-1 134 1
-1 135 1
-1 136 1
-1 137 1
-1 138 1
-1 139 1
-1 8331 1
-1 141 1
-1 142 1
-1 143 1
-1 144 1
-1 145 1
-1 140 1
-1 147 1
-1 148 1
-1 149 1
-1 150 1
-1 151 1
-1 146 1
-1 153 1
-1 154 1
-1 155 1
-1 156 1
-1 157 1
-1 158 1
-1 159 1
-1 160 1
-1 16545 1
-1 162 1
-1 163 1
-1 161 1
-1 165 1
-1 166 1
-1 164 1
-1 168 1
-1 169 1
-1 170 1
-1 171 1
-1 172 1
-1 173 1
-1 174 1
-1 16559 1
-1 176 1
-1 177 1
-1 175 1
-1 179 1
-1 178 1
-1 181 1
-1 180 1
-1 8366 1
-1 185 1
-1 187 1
-1 188 1
-1 190 1
-1 192 1
-1 38 1
-1 193 1
-1 16579 1
-1 195 1
-1 197 1
-1 198 1
-1 199 1
-1 8392 1
-1 200 1
-1 202 1
-1 203 1
-1 201 1
-1 205 1
-1 206 1
-1 16591 1
-1 8399 1
-1 207 1
-1 16594 1
-1 210 1
-1 8404 1
-1 211 1
-1 213 1
-1 8407 1
-1 208 1
-1 217 1
-1 218 1
-1 219 1
-1 8411 1
-1 16605 1
-1 216 1
-1 8415 1
-1 8416 1
-1 224 1
-1 225 1
-1 227 1
-1 8420 1
-1 228 1
-1 226 1
-1 9 1
-1 232 1
-1 16617 1
-1 233 1
-1 8427 1
-1 16620 1
-1 236 1
-1 16616 1
-1 8431 1
-1 239 1
-1 8433 1
-1 16625 1
-1 242 1
-1 243 1
-1 16629 1
-1 8438 1
-1 246 1
-1 245 1
-1 240 1
-1 250 1
-1 8443 1
-1 50 1
-1 251 1
-1 16637 1
-1 8447 1
-1 256 1
-1 51 1
-1 16642 1
-1 8192 1
-1 252 1
-1 16645 1
-1 52 1
-1 8455 1
-1 16648 1
-1 261 1
-1 16650 1
-1 262 1
-1 265 1
-1 268 1
-1 270 1
-1 269 1
-1 16656 1
-1 266 1
-1 274 1
-1 275 1
-1 276 1
-1 8196 1
-1 16660 1
-1 279 1
-1 8473 1
-1 8476 1
-1 284 1
-1 286 1
-1 287 1
-1 8480 1
-1 288 1
-1 289 1
-1 285 1
-1 292 1
-1 8485 1
-1 294 1
-1 16679 1
-1 295 1
-1 296 1
-1 8490 1
-1 299 1
-1 300 1
-1 8493 1
-1 8494 1
-1 302 1
-1 303 1
-1 8497 1
-1 305 1
-1 304 1
-1 308 1
-1 306 1
-1 310 1
-1 311 1
-1 307 1
-1 313 1
-1 8506 1
-1 16699 1
-1 16700 1
-1 314 1
-1 16702 1
-1 319 1
-1 318 1
-1 16698 1
-1 322 1
-1 323 1
-1 324 1
-1 325 1
-1 326 1
-1 327 1
-1 8520 1
-1 329 1
-1 8522 1
-1 8524 1
-1 16717 1
-1 8525 1
-1 8526 1
-1 332 1
-1 337 1
-1 333 1
-1 339 1
-1 338 1
-1 8536 1
-1 344 1
-1 345 1
-1 8539 1
-1 8210 1
-1 346 1
-1 347 1
-1 8543 1
-1 8544 1
-1 16729 1
-1 16738 1
-1 8547 1
-1 8548 1
-1 8211 1
-1 71 1
-1 16747 1
-1 16750 1
-1 8559 1
-1 73 1
-1 8560 1
-1 8561 1
-1 16755 1
-1 8215 1
-1 8216 1
-1 8576 1
-1 16779 1
-1 79 1
-1 8591 1
-1 8592 1
-1 16784 1
-1 8221 1
-1 8596 1
-1 16790 1
-1 8599 1
-1 407 1
-1 8598 1
-1 8601 1
-1 8603 1
-1 8223 1
-1 16792 1
-1 16798 1
-1 16807 1
-1 8225 1
-1 425 1
-1 8617 1
-1 8619 1
-1 8620 1
-1 16811 1
-1 8623 1
-1 16815 1
-1 8625 1
-1 16820 1
-1 8629 1
-1 438 1
-1 8228 1
-1 8632 1
-1 8631 1
-1 8634 1
-1 16826 1
-1 8636 1
-1 8638 1
-1 8644 1
-1 8646 1
-1 457 1
-1 458 1
-1 8651 1
-1 460 1
-1 8656 1
-1 8660 1
-1 469 1
-1 470 1
-1 8663 1
-1 16856 1
-1 8235 1
-1 8666 1
-1 94 1
-1 16854 1
-1 16862 1
-1 8236 1
-1 16864 1
-1 8672 1
-1 479 1
-1 8675 1
-1 486 1
-1 8679 1
-1 8238 1
-1 8681 1
-1 8682 1
-1 493 1
-1 494 1
-1 8688 1
-1 8689 1
-1 497 1
-1 8691 1
-1 502 1
-1 16886 1
-1 503 1
-1 8697 1
-1 20 1
-1 504 1
-1 508 1
-1 8702 1
-1 8703 1
-1 8705 1
-1 8706 1
-1 8707 1
-1 8708 1
-1 8709 1
-1 8714 1
-1 523 1
-1 8245 1
-1 8715 1
-1 8719 1
-1 528 1
-1 529 1
-1 8721 1
-1 16912 1
-1 8724 1
-1 16917 1
-1 16918 1
-1 535 1
-1 539 1
-1 107 1
-1 541 1
-1 8734 1
-1 16390 1
-1 8736 1
-1 16931 1
-1 8740 1
-1 551 1
-1 8744 1
-1 8745 1
-1 8746 1
-1 8747 1
-1 8748 1
-1 558 1
-1 111 1
-1 8750 1
-1 8753 1
-1 561 1
-1 16394 1
-1 8756 1
-1 8759 1
-1 16395 1
-1 8760 1
-1 8767 1
-1 8768 1
-1 578 1
-1 16962 1
-1 8770 1
-1 581 1
-1 8774 1
-1 8776 1
-1 8777 1
-1 16970 1
-1 8779 1
-1 116 1
-1 585 1
-1 8782 1
-1 16975 1
-1 16976 1
-1 8788 1
-1 597 1
-1 8789 1
-1 600 1
-1 8792 1
-1 8793 1
-1 8796 1
-1 8261 1
-1 606 1
-1 16988 1
-1 8800 1
-1 608 1
-1 611 1
-1 8803 1
-1 615 1
-1 8807 1
-1 8810 1
-1 620 1
-1 8812 1
-1 8814 1
-1 8818 1
-1 8819 1
-1 8266 1
-1 630 1
-1 8825 1
-1 634 1
-1 17021 1
-1 8830 1
-1 17029 1
-1 17032 1
-1 649 1
-1 8840 1
-1 650 1
-1 17036 1
-1 17038 1
-1 8846 1
-1 17040 1
-1 8847 1
-1 660 1
-1 8853 1
-1 8855 1
-1 8856 1
-1 8273 1
-1 8857 1
-1 666 1
-1 8861 1
-1 670 1
-1 8863 1
-1 17057 1
-1 17061 1
-1 17062 1
-1 679 1
-1 8276 1
-1 8871 1
-1 677 1
-1 8875 1
-1 17068 1
-1 686 1
-1 8878 1
-1 690 1
-1 692 1
-1 8279 1
-1 8889 1
-1 8891 1
-1 699 1
-1 700 1
-1 703 1
-1 8895 1
-1 28 1
-1 708 1
-1 16423 1
-1 710 1
-1 8902 1
-1 17096 1
-1 17097 1
-1 8909 1
-1 17102 1
-1 720 1
-1 8920 1
-1 17114 1
-1 8923 1
-1 732 1
-1 17118 1
-1 8287 1
-1 736 1
-1 8928 1
-1 734 1
-1 8932 1
-1 741 1
-1 742 1
-1 8933 1
-1 744 1
-1 8289 1
-1 17132 1
-1 8941 1
-1 8942 1
-1 8290 1
-1 16431 1
-1 8943 1
-1 8946 1
-1 749 1
-1 17140 1
-1 758 1
-1 759 1
-1 17142 1
-1 8956 1
-1 8960 1
-1 8961 1
-1 770 1
-1 771 1
-1 17156 1
-1 17155 1
-1 17158 1
-1 8294 1
-1 8968 1
-1 775 1
-1 776 1
-1 777 1
-1 8972 1
-1 8973 1
-1 17162 1
-1 17163 1
-1 8971 1
-1 780 1
-1 781 1
-1 17168 1
-1 8980 1
-1 783 1
-1 787 1
-1 17170 1
-1 790 1
-1 17177 1
-1 794 1
-1 8984 1
-1 796 1
-1 797 1
-1 17181 1
-1 8986 1
-1 8987 1
-1 8993 1
-1 802 1
-1 17187 1
-1 8995 1
-1 801 1
-1 17190 1
-1 8999 1
-1 808 1
-1 805 1
-1 8994 1
-1 17192 1
-1 814 1
-1 9008 1
-1 9010 1
-1 9011 1
-1 17204 1
-1 822 1
-1 9014 1
-1 16446 1
-1 825 1
-1 9016 1
-1 9019 1
-1 831 1
-1 17216 1
-1 9024 1
-1 9026 1
-1 833 1
-1 9028 1
-1 8308 1
-1 167 1
-1 840 1
-1 17229 1
-1 17230 1
-1 17240 1
-1 857 1
-1 863 1
-1 17258 1
-1 16456 1
-1 875 1
-1 17267 1
-1 17273 1
-1 895 1
-1 896 1
-1 902 1
-1 17288 1
-1 909 1
-1 17294 1
-1 910 1
-1 916 1
-1 17300 1
-1 8323 1
-1 923 1
-1 926 1
-1 927 1
-1 9118 1
-1 17312 1
-1 17318 1
-1 17320 1
-1 937 1
-1 17322 1
-1 17329 1
-1 8329 1
-1 8330 1
-1 17335 1
-1 959 1
-1 17347 1
-1 964 1
-1 966 1
-1 9158 1
-1 8334 1
-1 17356 1
-1 9173 1
-1 17365 1
-1 983 1
-1 9174 1
-1 9177 1
-1 9178 1
-1 16479 1
-1 993 1
-1 995 1
-1 17380 1
-1 8339 1
-1 1002 1
-1 1003 1
-1 1005 1
-1 9203 1
-1 17397 1
-1 17398 1
-1 16484 1
-1 9211 1
-1 9212 1
-1 9213 1
-1 17406 1
-1 1022 1
-1 17407 1
-1 1027 1
-1 17424 1
-1 8348 1
-1 1043 1
-1 16490 1
-1 9239 1
-1 9244 1
-1 9245 1
-1 9246 1
-1 209 1
-1 17439 1
-1 17441 1
-1 17447 1
-1 1066 1
-1 1067 1
-1 17456 1
-1 8354 1
-1 1081 1
-1 215 1
-1 17467 1
-1 1085 1
-1 1088 1
-1 1091 1
-1 1097 1
-1 9291 1
-1 1100 1
-1 1104 1
-1 1105 1
-1 220 1
-1 9300 1
-1 1109 1
-1 9303 1
-1 9304 1
-1 1111 1
-1 16503 1
-1 9309 1
-1 9310 1
-1 9311 1
-1 17503 1
-1 16505 1
-1 222 1
-1 17507 1
-1 223 1
-1 17501 1
-1 9319 1
-1 17512 1
-1 17515 1
-1 16507 1
-1 1133 1
-1 9325 1
-1 9327 1
-1 17519 1
-1 9326 1
-1 9333 1
-1 17526 1
-1 17527 1
-1 16510 1
-1 17533 1
-1 9343 1
-1 17535 1
-1 9350 1
-1 9352 1
-1 231 1
-1 17548 1
-1 9358 1
-1 9360 1
-1 17554 1
-1 9364 1
-1 9366 1
-1 9367 1
-1 9369 1
-1 9370 1
-1 9371 1
-1 9372 1
-1 234 1
-1 17562 1
-1 16517 1
-1 9376 1
-1 9378 1
-1 17573 1
-1 17575 1
-1 9383 1
-1 9385 1
-1 9386 1
-1 237 1
-1 238 1
-1 9394 1
-1 17586 1
-1 16521 1
-1 9397 1
-1 9404 1
-1 241 1
-1 9407 1
-1 9409 1
-1 17602 1
-1 9412 1
-1 9413 1
-1 17606 1
-1 9416 1
-1 9417 1
-1 9421 1
-1 9423 1
-1 9424 1
-1 17617 1
-1 17615 1
-1 17619 1
-1 9431 1
-1 1240 1
-1 9434 1
-1 9435 1
-1 17628 1
-1 9437 1
-1 9440 1
-1 248 1
-1 9444 1
-1 9450 1
-1 17643 1
-1 9453 1
-1 1262 1
-1 9454 1
-1 9460 1
-1 9465 1
-1 9466 1
-1 254 1
-1 9473 1
-1 255 1
-1 9477 1
-1 1286 1
-1 17673 1
-1 1290 1
-1 9483 1
-1 9484 1
-1 17678 1
-1 257 1
-1 17680 1
-1 17687 1
-1 17692 1
-1 9502 1
-1 9506 1
-1 17699 1
-1 9515 1
-1 17713 1
-1 17714 1
-1 9527 1
-1 9540 1
-1 9541 1
-1 9551 1
-1 9552 1
-1 9556 1
-1 1371 1
-1 9571 1
-1 17765 1
-1 17768 1
-1 9576 1
-1 9578 1
-1 1387 1
-1 17773 1
-1 1390 1
-1 17775 1
-1 9582 1
-1 1392 1
-1 1393 1
-1 9588 1
-1 1396 1
-1 1398 1
-1 1399 1
-1 1400 1
-1 1401 1
-1 1402 1
-1 9596 1
-1 1405 1
-1 1404 1
-1 9599 1
-1 1410 1
-1 1411 1
-1 1413 1
-1 9607 1
-1 17800 1
-1 9610 1
-1 9611 1
-1 1420 1
-1 9613 1
-1 1421 1
-1 1423 1
-1 1425 1
-1 1427 1
-1 17813 1
-1 9621 1
-1 1431 1
-1 9623 1
-1 17818 1
-1 1437 1
-1 9629 1
-1 9635 1
-1 9636 1
-1 1444 1
-1 9638 1
-1 17833 1
-1 9644 1
-1 1453 1
-1 1454 1
-1 1455 1
-1 1456 1
-1 9651 1
-1 1462 1
-1 17846 1
-1 9657 1
-1 9661 1
-1 9662 1
-1 9665 1
-1 9667 1
-1 1477 1
-1 1478 1
-1 1479 1
-1 17862 1
-1 1481 1
-1 9673 1
-1 9671 1
-1 1482 1
-1 1488 1
-1 9680 1
-1 17874 1
-1 9684 1
-1 1492 1
-1 1494 1
-1 9687 1
-1 17883 1
-1 298 1
-1 1501 1
-1 17887 1
-1 1506 1
-1 1510 1
-1 9703 1
-1 1511 1
-1 1514 1
-1 9707 1
-1 1515 1
-1 1519 1
-1 17904 1
-1 9712 1
-1 1520 1
-1 9722 1
-1 17919 1
-1 9728 1
-1 9729 1
-1 9727 1
-1 9731 1
-1 1540 1
-1 1537 1
-1 17927 1
-1 9736 1
-1 9737 1
-1 16589 1
-1 1546 1
-1 9745 1
-1 1555 1
-1 9749 1
-1 1558 1
-1 1559 1
-1 1560 1
-1 9751 1
-1 9755 1
-1 9756 1
-1 1565 1
-1 17950 1
-1 9761 1
-1 9765 1
-1 1574 1
-1 9767 1
-1 1581 1
-1 1582 1
-1 1588 1
-1 9782 1
-1 1591 1
-1 9784 1
-1 1593 1
-1 9787 1
-1 9789 1
-1 1598 1
-1 9790 1
-1 9793 1
-1 17990 1
-1 1606 1
-1 17992 1
-1 17995 1
-1 17998 1
-1 16603 1
-1 1616 1
-1 18002 1
-1 18006 1
-1 18007 1
-1 9816 1
-1 9814 1
-1 9818 1
-1 9820 1
-1 9822 1
-1 18017 1
-1 9833 1
-1 9842 1
-1 18039 1
-1 9851 1
-1 18049 1
-1 18056 1
-1 9865 1
-1 9866 1
-1 18062 1
-1 9871 1
-1 9873 1
-1 9874 1
-1 1685 1
-1 1686 1
-1 18075 1
-1 18079 1
-1 9894 1
-1 18105 1
-1 9920 1
-1 9922 1
-1 9925 1
-1 9927 1
-1 9928 1
-1 9932 1
-1 9939 1
-1 9940 1
-1 18133 1
-1 9941 1
-1 9943 1
-1 9946 1
-1 18139 1
-1 9947 1
-1 18148 1
-1 18150 1
-1 9963 1
-1 18156 1
-1 9968 1
-1 18166 1
-1 18168 1
-1 9978 1
-1 9982 1
-1 9987 1
-1 9988 1
-1 9994 1
-1 9995 1
-1 1805 1
-1 10002 1
-1 10008 1
-1 18209 1
-1 18215 1
-1 10024 1
-1 10026 1
-1 10033 1
-1 18227 1
-1 18229 1
-1 10038 1
-1 18239 1
-1 10053 1
-1 18249 1
-1 10057 1
-1 10059 1
-1 10062 1
-1 10065 1
-1 10067 1
-1 18263 1
-1 10074 1
-1 10082 1
-1 10083 1
-1 10086 1
-1 10093 1
-1 10094 1
-1 10097 1
-1 10098 1
-1 10100 1
-1 10102 1
-1 18295 1
-1 18297 1
-1 18300 1
-1 10110 1
-1 10111 1
-1 10112 1
-1 10119 1
-1 10129 1
-1 18323 1
-1 10135 1
-1 10137 1
-1 10139 1
-1 18331 1
-1 10148 1
-1 10151 1
-1 10152 1
-1 18343 1
-1 10160 1
-1 10162 1
-1 18356 1
-1 10167 1
-1 10173 1
-1 10175 1
-1 18371 1
-1 10182 1
-1 10184 1
-1 18379 1
-1 10187 1
-1 10190 1
-1 10192 1
-1 18385 1
-1 18386 1
-1 18387 1
-1 10200 1
-1 10202 1
-1 10206 1
-1 18399 1
-1 18403 1
-1 10219 1
-1 10220 1
-1 10221 1
-1 10224 1
-1 10228 1
-1 10232 1
-1 10248 1
-1 10250 1
-1 18445 1
-1 18447 1
-1 10257 1
-1 10260 1
-1 18459 1
-1 16695 1
-1 10272 1
-1 18465 1
-1 16696 1
-1 10276 1
-1 10298 1
-1 10300 1
-1 10301 1
-1 18502 1
-1 10314 1
-1 18510 1
-1 10319 1
-1 10324 1
-1 10330 1
-1 10336 1
-1 18536 1
-1 18537 1
-1 18538 1
-1 10345 1
-1 10350 1
-1 2159 1
-1 18542 1
-1 10368 1
-1 10375 1
-1 10378 1
-1 10382 1
-1 18574 1
-1 18578 1
-1 10386 1
-1 10389 1
-1 10390 1
-1 10396 1
-1 18588 1
-1 18591 1
-1 10400 1
-1 10401 1
-1 10402 1
-1 10406 1
-1 18602 1
-1 10410 1
-1 18605 1
-1 18609 1
-1 10423 1
-1 10430 1
-1 18627 1
-1 10436 1
-1 10441 1
-1 10445 1
-1 18638 1
-1 10448 1
-1 10449 1
-1 10450 1
-1 10451 1
-1 18648 1
-1 10459 1
-1 18652 1
-1 10467 1
-1 10469 1
-1 10470 1
-1 18661 1
-1 10475 1
-1 10479 1
-1 10480 1
-1 10490 1
-1 18690 1
-1 10499 1
-1 18708 1
-1 10519 1
-1 10522 1
-1 18717 1
-1 10527 1
-1 10529 1
-1 10530 1
-1 10532 1
-1 18730 1
-1 10540 1
-1 10543 1
-1 18737 1
-1 18744 1
-1 10556 1
-1 10568 1
-1 10580 1
-1 18774 1
-1 10582 1
-1 18781 1
-1 18782 1
-1 10597 1
-1 18800 1
-1 10611 1
-1 10614 1
-1 10617 1
-1 10626 1
-1 10634 1
-1 10639 1
-1 18831 1
-1 18833 1
-1 10642 1
-1 10640 1
-1 10646 1
-1 10648 1
-1 18842 1
-1 10651 1
-1 10654 1
-1 18848 1
-1 10657 1
-1 18855 1
-1 2474 1
-1 2475 1
-1 2476 1
-1 2477 1
-1 2478 1
-1 2479 1
-1 10672 1
-1 2481 1
-1 10673 1
-1 2480 1
-1 2482 1
-1 2483 1
-1 2486 1
-1 10678 1
-1 2484 1
-1 2485 1
-1 2487 1
-1 2489 1
-1 2490 1
-1 2491 1
-1 2494 1
-1 2492 1
-1 2493 1
-1 2488 1
-1 2495 1
-1 2496 1
-1 2497 1
-1 2498 1
-1 2499 1
-1 2503 1
-1 2500 1
-1 2505 1
-1 2501 1
-1 10693 1
-1 2502 1
-1 2504 1
-1 2510 1
-1 10697 1
-1 2507 1
-1 2508 1
-1 2509 1
-1 2506 1
-1 2511 1
-1 2512 1
-1 2518 1
-1 2513 1
-1 2514 1
-1 2521 1
-1 2515 1
-1 2516 1
-1 2517 1
-1 18900 1
-1 2519 1
-1 2520 1
-1 18905 1
-1 2522 1
-1 2530 1
-1 2523 1
-1 2524 1
-1 2525 1
-1 2526 1
-1 2527 1
-1 18912 1
-1 2529 1
-1 2531 1
-1 2532 1
-1 2533 1
-1 2534 1
-1 2535 1
-1 2536 1
-1 2544 1
-1 2537 1
-1 2546 1
-1 2547 1
-1 2539 1
-1 2541 1
-1 10734 1
-1 2551 1
-1 2543 1
-1 10736 1
-1 2545 1
-1 2548 1
-1 2550 1
-1 2549 1
-1 2558 1
-1 10744 1
-1 2553 1
-1 2552 1
-1 2555 1
-1 2563 1
-1 2564 1
-1 2556 1
-1 10758 1
-1 2559 1
-1 2568 1
-1 10761 1
-1 2561 1
-1 2562 1
-1 2572 1
-1 18948 1
-1 10757 1
-1 2566 1
-1 2567 1
-1 2569 1
-1 2570 1
-1 2571 1
-1 2573 1
-1 2574 1
-1 2575 1
-1 2576 1
-1 2577 1
-1 2578 1
-1 2586 1
-1 2579 1
-1 2580 1
-1 2581 1
-1 2583 1
-1 2591 1
-1 2584 1
-1 2585 1
-1 2594 1
-1 2587 1
-1 2588 1
-1 18981 1
-1 2598 1
-1 2590 1
-1 2592 1
-1 18985 1
-1 2593 1
-1 2595 1
-1 2596 1
-1 2597 1
-1 2599 1
-1 2600 1
-1 2601 1
-1 2602 1
-1 2603 1
-1 2604 1
-1 2605 1
-1 18988 1
-1 2606 1
-1 2608 1
-1 2607 1
-1 2609 1
-1 2611 1
-1 2610 1
-1 2613 1
-1 2614 1
-1 2615 1
-1 2616 1
-1 10812 1
-1 2621 1
-1 2623 1
-1 2624 1
-1 2625 1
-1 2626 1
-1 10820 1
-1 2629 1
-1 2632 1
-1 2631 1
-1 2630 1
-1 2634 1
-1 2636 1
-1 10828 1
-1 2633 1
-1 2639 1
-1 2640 1
-1 2641 1
-1 2635 1
-1 2642 1
-1 2644 1
-1 2638 1
-1 2646 1
-1 2645 1
-1 2648 1
-1 2649 1
-1 2650 1
-1 2651 1
-1 2652 1
-1 2653 1
-1 2654 1
-1 2655 1
-1 2656 1
-1 2658 1
-1 2659 1
-1 2660 1
-1 2661 1
-1 10854 1
-1 2663 1
-1 2662 1
-1 10856 1
-1 10858 1
-1 10859 1
-1 2666 1
-1 2669 1
-1 2668 1
-1 2671 1
-1 2672 1
-1 2673 1
-1 2674 1
-1 10867 1
-1 2675 1
-1 2677 1
-1 2678 1
-1 2679 1
-1 2680 1
-1 10873 1
-1 2682 1
-1 2683 1
-1 10876 1
-1 2684 1
-1 2686 1
-1 2687 1
-1 2689 1
-1 2690 1
-1 2691 1
-1 2693 1
-1 2694 1
-1 2698 1
-1 10893 1
-1 10894 1
-1 2701 1
-1 2703 1
-1 2704 1
-1 2706 1
-1 2702 1
-1 2708 1
-1 10901 1
-1 10902 1
-1 2710 1
-1 2709 1
-1 2705 1
-1 2714 1
-1 2707 1
-1 10910 1
-1 2718 1
-1 2720 1
-1 2721 1
-1 2722 1
-1 10915 1
-1 2723 1
-1 2724 1
-1 10921 1
-1 2730 1
-1 2729 1
-1 10924 1
-1 10925 1
-1 10926 1
-1 10927 1
-1 2735 1
-1 2733 1
-1 2738 1
-1 2739 1
-1 10932 1
-1 2737 1
-1 2742 1
-1 2744 1
-1 2747 1
-1 2749 1
-1 10942 1
-1 2751 1
-1 2750 1
-1 2753 1
-1 10948 1
-1 2757 1
-1 2756 1
-1 2759 1
-1 2762 1
-1 2763 1
-1 2764 1
-1 2768 1
-1 10963 1
-1 2771 1
-1 10965 1
-1 2773 1
-1 2775 1
-1 2772 1
-1 2777 1
-1 2779 1
-1 2781 1
-1 2782 1
-1 2783 1
-1 2784 1
-1 2785 1
-1 2787 1
-1 2788 1
-1 2789 1
-1 2790 1
-1 2796 1
-1 10989 1
-1 2798 1
-1 2799 1
-1 2800 1
-1 10991 1
-1 10994 1
-1 2803 1
-1 2804 1
-1 10997 1
-1 10998 1
-1 2802 1
-1 2805 1
-1 11001 1
-1 2809 1
-1 2810 1
-1 2808 1
-1 2812 1
-1 2814 1
-1 2816 1
-1 2818 1
-1 2819 1
-1 2821 1
-1 2823 1
-1 2824 1
-1 2825 1
-1 2826 1
-1 11016 1
-1 2828 1
-1 2829 1
-1 2830 1
-1 2831 1
-1 2832 1
-1 2834 1
-1 11028 1
-1 2836 1
-1 11030 1
-1 11035 1
-1 11040 1
-1 11042 1
-1 11047 1
-1 11049 1
-1 11050 1
-1 2860 1
-1 11053 1
-1 2864 1
-1 11057 1
-1 11058 1
-1 11059 1
-1 2867 1
-1 2869 1
-1 11063 1
-1 11064 1
-1 11066 1
-1 11067 1
-1 11071 1
-1 11074 1
-1 11079 1
-1 11080 1
-1 11081 1
-1 11083 1
-1 11084 1
-1 11087 1
-1 11088 1
-1 11090 1
-1 11093 1
-1 11094 1
-1 11098 1
-1 11107 1
-1 11111 1
-1 2919 1
-1 11114 1
-1 11115 1
-1 11116 1
-1 11120 1
-1 2930 1
-1 11122 1
-1 11126 1
-1 11130 1
-1 11131 1
-1 11133 1
-1 11137 1
-1 11146 1
-1 11156 1
-1 11184 1
-1 11188 1
-1 11189 1
-1 11190 1
-1 11191 1
-1 11192 1
-1 11193 1
-1 3002 1
-1 11195 1
-1 11194 1
-1 11196 1
-1 11198 1
-1 11199 1
-1 11197 1
-1 11201 1
-1 3010 1
-1 11203 1
-1 11205 1
-1 11206 1
-1 11207 1
-1 11209 1
-1 11210 1
-1 11211 1
-1 11213 1
-1 11214 1
-1 11215 1
-1 11217 1
-1 11218 1
-1 11219 1
-1 11220 1
-1 11221 1
-1 11222 1
-1 3031 1
-1 11224 1
-1 3032 1
-1 11223 1
-1 11227 1
-1 11228 1
-1 3037 1
-1 3038 1
-1 11230 1
-1 11232 1
-1 11233 1
-1 3042 1
-1 3043 1
-1 11234 1
-1 11231 1
-1 3047 1
-1 11240 1
-1 11239 1
-1 3050 1
-1 11243 1
-1 11244 1
-1 11242 1
-1 3054 1
-1 3058 1
-1 11261 1
-1 3070 1
-1 11267 1
-1 3098 1
-1 11293 1
-1 11296 1
-1 11297 1
-1 11298 1
-1 3104 1
-1 3107 1
-1 11305 1
-1 3118 1
-1 11311 1
-1 11314 1
-1 11323 1
-1 3135 1
-1 11336 1
-1 3149 1
-1 11342 1
-1 11363 1
-1 11366 1
-1 11367 1
-1 11369 1
-1 11385 1
-1 11392 1
-1 3203 1
-1 3221 1
-1 11440 1
-1 3272 1
-1 3275 1
-1 11469 1
-1 11491 1
-1 11500 1
-1 3376 1
-1 3377 1
-1 3378 1
-1 3380 1
-1 3382 1
-1 3383 1
-1 3386 1
-1 3389 1
-1 3391 1
-1 3395 1
-1 3396 1
-1 3397 1
-1 3398 1
-1 3399 1
-1 3404 1
-1 3405 1
-1 3407 1
-1 3408 1
-1 3411 1
-1 3413 1
-1 3415 1
-1 3416 1
-1 3417 1
-1 3420 1
-1 3422 1
-1 3424 1
-1 3426 1
-1 3431 1
-1 3432 1
-1 3433 1
-1 3435 1
-1 3436 1
-1 3437 1
-1 3438 1
-1 3440 1
-1 3441 1
-1 3442 1
-1 3445 1
-1 3447 1
-1 3449 1
-1 3451 1
-1 3455 1
-1 3456 1
-1 3459 1
-1 11654 1
-1 3464 1
-1 3466 1
-1 3470 1
-1 3472 1
-1 3473 1
-1 3474 1
-1 3475 1
-1 3476 1
-1 3478 1
-1 3482 1
-1 3484 1
-1 3488 1
-1 3489 1
-1 3491 1
-1 3492 1
-1 3493 1
-1 3494 1
-1 3496 1
-1 3498 1
-1 3502 1
-1 3503 1
-1 3504 1
-1 3506 1
-1 3510 1
-1 3512 1
-1 3513 1
-1 3516 1
-1 3518 1
-1 3519 1
-1 3520 1
-1 3523 1
-1 3524 1
-1 3526 1
-1 3527 1
-1 3529 1
-1 3535 1
-1 3543 1
-1 3546 1
-1 3547 1
-1 3548 1
-1 3550 1
-1 3552 1
-1 3555 1
-1 3557 1
-1 3568 1
-1 3577 1
-1 3590 1
-1 3599 1
-1 3602 1
-1 3605 1
-1 3607 1
-1 3608 1
-1 11811 1
-1 11814 1
-1 11815 1
-1 3624 1
-1 11819 1
-1 3631 1
-1 11824 1
-1 11826 1
-1 3636 1
-1 3642 1
-1 11835 1
-1 3655 1
-1 11848 1
-1 3657 1
-1 3658 1
-1 3659 1
-1 3660 1
-1 3661 1
-1 3662 1
-1 11857 1
-1 11860 1
-1 3669 1
-1 11871 1
-1 3682 1
-1 3683 1
-1 11881 1
-1 3694 1
-1 3695 1
-1 3697 1
-1 11893 1
-1 11897 1
-1 11899 1
-1 11902 1
-1 3712 1
-1 11906 1
-1 11908 1
-1 3718 1
-1 11912 1
-1 3724 1
-1 11916 1
-1 11922 1
-1 3734 1
-1 11935 1
-1 11938 1
-1 11943 1
-1 11948 1
-1 11953 1
-1 11958 1
-1 11963 1
-1 11968 1
-1 11970 1
-1 11972 1
-1 3799 1
-1 11991 1
-1 3810 1
-1 3811 1
-1 12002 1
-1 3815 1
-1 12010 1
-1 3818 1
-1 12017 1
-1 3834 1
-1 12034 1
-1 3842 1
-1 12038 1
-1 12043 1
-1 12046 1
-1 12058 1
-1 12065 1
-1 12076 1
-1 12078 1
-1 16436 1
-1 12084 1
-1 3894 1
-1 12088 1
-1 12097 1
-1 12104 1
-1 778 1
-1 12107 1
-1 779 1
-1 12113 1
-1 3924 1
-1 12116 1
-1 12118 1
-1 3925 1
-1 3940 1
-1 3941 1
-1 12135 1
-1 12144 1
-1 12168 1
-1 12178 1
-1 12186 1
-1 12188 1
-1 12189 1
-1 12204 1
-1 12208 1
-1 12213 1
-1 12220 1
-1 12225 1
-1 12227 1
-1 12228 1
-1 12230 1
-1 12234 1
-1 12242 1
-1 4051 1
-1 4052 1
-1 12244 1
-1 4054 1
-1 4059 1
-1 4060 1
-1 12254 1
-1 12261 1
-1 12266 1
-1 12281 1
-1 12282 1
-1 4091 1
-1 12286 1
-1 12288 1
-1 4099 1
-1 12292 1
-1 12294 1
-1 4104 1
-1 12299 1
-1 12301 1
-1 12309 1
-1 12310 1
-1 4119 1
-1 4120 1
-1 12314 1
-1 8963 1
-1 4138 1
-1 12332 1
-1 12338 1
-1 4147 1
-1 4148 1
-1 8965 1
-1 8966 1
-1 12348 1
-1 4158 1
-1 12354 1
-1 12369 1
-1 12371 1
-1 12374 1
-1 12377 1
-1 4185 1
-1 12380 1
-1 12387 1
-1 12391 1
-1 8977 1
-1 12401 1
-1 12411 1
-1 12412 1
-1 12416 1
-1 12419 1
-1 12432 1
-1 12442 1
-1 12444 1
-1 8988 1
-1 12455 1
-1 12459 1
-1 12464 1
-1 12471 1
-1 12487 1
-1 12494 1
-1 12496 1
-1 12500 1
-1 12501 1
-1 12505 1
-1 12509 1
-1 12514 1
-1 12523 1
-1 4335 1
-1 12531 1
-1 12537 1
-1 12554 1
-1 12561 1
-1 12563 1
-1 12570 1
-1 12571 1
-1 12578 1
-1 12579 1
-1 12580 1
-1 12593 1
-1 12601 1
-1 12605 1
-1 12611 1
-1 12614 1
-1 12616 1
-1 12618 1
-1 12620 1
-1 12626 1
-1 12627 1
-1 4439 1
-1 12648 1
-1 12663 1
-1 12669 1
-1 12677 1
-1 12679 1
-1 12685 1
-1 12693 1
-1 12698 1
-1 12711 1
-1 12714 1
-1 12716 1
-1 12720 1
-1 2528 1
-1 17183 1
-1 12725 1
-1 12733 1
-1 12742 1
-1 12743 1
-1 12745 1
-1 10675 1
-1 4575 1
-1 4576 1
-1 4577 1
-1 4578 1
-1 4579 1
-1 12772 1
-1 4581 1
-1 4582 1
-1 4583 1
-1 4584 1
-1 4585 1
-1 2538 1
-1 12776 1
-1 4587 1
-1 12781 1
-1 2540 1
-1 12783 1
-1 12784 1
-1 4593 1
-1 4594 1
-1 12785 1
-1 2542 1
-1 4599 1
-1 4600 1
-1 4601 1
-1 4602 1
-1 4603 1
-1 4604 1
-1 12798 1
-1 4607 1
-1 4612 1
-1 4614 1
-1 4615 1
-1 4616 1
-1 4617 1
-1 4622 1
-1 4624 1
-1 4625 1
-1 12817 1
-1 4627 1
-1 4633 1
-1 4634 1
-1 4635 1
-1 4636 1
-1 4637 1
-1 12830 1
-1 4639 1
-1 4640 1
-1 4638 1
-1 4642 1
-1 4643 1
-1 4644 1
-1 4645 1
-1 12837 1
-1 12836 1
-1 4648 1
-1 4641 1
-1 4650 1
-1 12843 1
-1 4652 1
-1 4653 1
-1 4651 1
-1 2554 1
-1 12851 1
-1 12857 1
-1 2557 1
-1 12866 1
-1 12869 1
-1 12870 1
-1 12872 1
-1 12874 1
-1 12878 1
-1 12879 1
-1 2560 1
-1 12886 1
-1 4698 1
-1 4700 1
-1 4701 1
-1 12894 1
-1 12897 1
-1 4709 1
-1 4710 1
-1 4711 1
-1 4712 1
-1 12905 1
-1 4713 1
-1 2565 1
-1 4716 1
-1 12907 1
-1 4721 1
-1 4722 1
-1 12915 1
-1 4725 1
-1 12918 1
-1 12919 1
-1 4727 1
-1 4729 1
-1 12921 1
-1 12923 1
-1 12920 1
-1 4735 1
-1 4738 1
-1 12934 1
-1 4743 1
-1 4746 1
-1 12939 1
-1 4752 1
-1 4753 1
-1 4756 1
-1 12950 1
-1 12953 1
-1 4762 1
-1 12954 1
-1 4770 1
-1 12964 1
-1 4772 1
-1 4774 1
-1 4777 1
-1 12970 1
-1 4781 1
-1 4782 1
-1 12973 1
-1 18861 1
-1 4786 1
-1 4787 1
-1 12980 1
-1 4789 1
-1 12982 1
-1 12983 1
-1 12979 1
-1 12985 1
-1 4791 1
-1 10722 1
-1 10721 1
-1 4798 1
-1 4799 1
-1 4801 1
-1 4803 1
-1 12997 1
-1 4808 1
-1 13001 1
-1 4810 1
-1 4809 1
-1 13003 1
-1 4813 1
-1 4814 1
-1 4812 1
-1 13008 1
-1 13009 1
-1 4817 1
-1 4815 1
-1 13011 1
-1 4821 1
-1 4822 1
-1 4823 1
-1 13017 1
-1 4826 1
-1 4827 1
-1 4828 1
-1 13021 1
-1 4829 1
-1 13023 1
-1 13024 1
-1 4833 1
-1 4834 1
-1 4835 1
-1 2589 1
-1 4839 1
-1 13037 1
-1 4846 1
-1 13041 1
-1 13042 1
-1 4851 1
-1 4850 1
-1 4854 1
-1 4856 1
-1 13048 1
-1 4858 1
-1 18876 1
-1 4863 1
-1 13055 1
-1 4870 1
-1 13069 1
-1 13070 1
-1 4877 1
-1 4881 1
-1 4884 1
-1 4888 1
-1 4890 1
-1 4891 1
-1 4894 1
-1 4895 1
-1 13090 1
-1 4900 1
-1 4901 1
-1 13092 1
-1 4905 1
-1 4906 1
-1 13099 1
-1 4908 1
-1 4909 1
-1 13101 1
-1 4911 1
-1 4913 1
-1 4914 1
-1 10746 1
-1 4916 1
-1 13109 1
-1 4919 1
-1 4920 1
-1 4923 1
-1 13117 1
-1 4925 1
-1 4929 1
-1 4930 1
-1 4931 1
-1 18891 1
-1 13127 1
-1 4936 1
-1 13129 1
-1 4940 1
-1 10752 1
-1 13138 1
-1 13139 1
-1 4950 1
-1 2612 1
-1 13142 1
-1 13148 1
-1 4958 1
-1 4962 1
-1 4963 1
-1 4964 1
-1 13161 1
-1 13166 1
-1 4977 1
-1 13171 1
-1 4980 1
-1 13173 1
-1 4982 1
-1 2618 1
-1 4985 1
-1 4986 1
-1 4987 1
-1 4994 1
-1 4999 1
-1 2622 1
-1 13193 1
-1 13192 1
-1 5003 1
-1 5004 1
-1 13196 1
-1 5005 1
-1 13195 1
-1 10764 1
-1 5012 1
-1 13206 1
-1 13209 1
-1 13210 1
-1 5017 1
-1 5026 1
-1 5027 1
-1 13218 1
-1 2627 1
-1 10769 1
-1 5031 1
-1 13224 1
-1 2628 1
-1 5034 1
-1 13226 1
-1 5030 1
-1 5044 1
-1 5047 1
-1 13243 1
-1 13244 1
-1 5052 1
-1 13246 1
-1 18915 1
-1 13249 1
-1 5059 1
-1 13256 1
-1 5067 1
-1 5071 1
-1 5073 1
-1 5074 1
-1 5075 1
-1 13268 1
-1 13270 1
-1 5079 1
-1 5080 1
-1 5083 1
-1 13277 1
-1 5086 1
-1 18921 1
-1 13281 1
-1 13282 1
-1 13283 1
-1 5092 1
-1 5093 1
-1 5094 1
-1 5099 1
-1 5100 1
-1 5102 1
-1 13295 1
-1 5104 1
-1 5103 1
-1 5107 1
-1 5108 1
-1 5113 1
-1 13307 1
-1 13308 1
-1 18928 1
-1 13314 1
-1 13316 1
-1 5125 1
-1 13319 1
-1 5130 1
-1 13324 1
-1 5132 1
-1 5133 1
-1 5136 1
-1 10790 1
-1 5139 1
-1 5142 1
-1 5144 1
-1 5145 1
-1 5148 1
-1 5153 1
-1 5156 1
-1 13351 1
-1 13352 1
-1 5161 1
-1 13354 1
-1 13356 1
-1 5164 1
-1 10796 1
-1 5168 1
-1 5169 1
-1 5170 1
-1 5171 1
-1 13363 1
-1 5172 1
-1 5174 1
-1 13368 1
-1 13369 1
-1 5178 1
-1 13379 1
-1 13380 1
-1 5189 1
-1 5194 1
-1 5195 1
-1 5197 1
-1 5198 1
-1 5199 1
-1 5202 1
-1 5203 1
-1 5204 1
-1 13395 1
-1 5206 1
-1 13400 1
-1 13403 1
-1 13404 1
-1 5213 1
-1 13406 1
-1 5215 1
-1 18947 1
-1 10806 1
-1 5217 1
-1 13412 1
-1 5220 1
-1 13416 1
-1 13419 1
-1 13425 1
-1 13426 1
-1 5236 1
-1 5237 1
-1 5239 1
-1 5240 1
-1 5244 1
-1 5246 1
-1 13439 1
-1 5249 1
-1 13442 1
-1 13445 1
-1 5256 1
-1 13451 1
-1 13455 1
-1 5264 1
-1 5265 1
-1 5266 1
-1 5269 1
-1 5273 1
-1 13466 1
-1 5274 1
-1 13474 1
-1 5283 1
-1 5285 1
-1 13479 1
-1 5287 1
-1 5289 1
-1 5291 1
-1 5295 1
-1 13488 1
-1 5304 1
-1 5306 1
-1 13499 1
-1 5309 1
-1 13504 1
-1 5316 1
-1 13509 1
-1 5318 1
-1 5320 1
-1 13513 1
-1 5323 1
-1 5325 1
-1 13519 1
-1 13521 1
-1 13524 1
-1 5333 1
-1 5334 1
-1 13527 1
-1 13528 1
-1 13533 1
-1 5343 1
-1 18973 1
-1 13539 1
-1 5358 1
-1 13553 1
-1 13559 1
-1 5367 1
-1 13561 1
-1 13560 1
-1 5369 1
-1 5370 1
-1 10838 1
-1 13570 1
-1 5378 1
-1 13572 1
-1 5381 1
-1 5382 1
-1 5385 1
-1 13578 1
-1 13581 1
-1 13585 1
-1 13586 1
-1 5395 1
-1 5398 1
-1 13592 1
-1 13593 1
-1 5403 1
-1 13601 1
-1 13606 1
-1 5416 1
-1 5420 1
-1 5421 1
-1 13620 1
-1 5429 1
-1 13622 1
-1 5430 1
-1 5431 1
-1 13621 1
-1 5434 1
-1 18990 1
-1 13628 1
-1 13629 1
-1 5441 1
-1 5446 1
-1 5448 1
-1 13640 1
-1 13645 1
-1 13647 1
-1 13648 1
-1 13649 1
-1 5457 1
-1 5456 1
-1 5461 1
-1 13656 1
-1 5465 1
-1 5464 1
-1 13659 1
-1 5474 1
-1 13672 1
-1 13678 1
-1 5492 1
-1 13685 1
-1 5493 1
-1 5495 1
-1 13690 1
-1 5502 1
-1 5504 1
-1 5506 1
-1 13701 1
-1 5510 1
-1 5516 1
-1 5517 1
-1 5519 1
-1 5520 1
-1 13713 1
-1 13716 1
-1 5525 1
-1 13718 1
-1 13720 1
-1 5529 1
-1 13723 1
-1 5537 1
-1 13731 1
-1 13733 1
-1 13739 1
-1 5548 1
-1 5549 1
-1 13746 1
-1 2732 1
-1 13748 1
-1 5561 1
-1 5563 1
-1 13755 1
-1 5566 1
-1 13762 1
-1 13774 1
-1 5594 1
-1 5595 1
-1 13788 1
-1 5597 1
-1 13790 1
-1 5598 1
-1 5599 1
-1 13793 1
-1 5605 1
-1 13798 1
-1 5608 1
-1 13802 1
-1 5613 1
-1 13812 1
-1 5620 1
-1 13823 1
-1 13827 1
-1 13832 1
-1 13833 1
-1 5645 1
-1 5652 1
-1 13852 1
-1 5660 1
-1 5661 1
-1 5663 1
-1 13855 1
-1 5662 1
-1 13859 1
-1 13863 1
-1 5671 1
-1 5682 1
-1 13876 1
-1 13878 1
-1 5689 1
-1 13882 1
-1 5691 1
-1 13884 1
-1 13885 1
-1 13883 1
-1 5695 1
-1 5696 1
-1 5697 1
-1 13890 1
-1 13900 1
-1 5708 1
-1 13902 1
-1 5710 1
-1 5711 1
-1 13913 1
-1 13914 1
-1 5722 1
-1 5724 1
-1 13915 1
-1 5721 1
-1 5727 1
-1 5728 1
-1 5729 1
-1 5741 1
-1 5742 1
-1 5744 1
-1 13936 1
-1 13938 1
-1 5746 1
-1 5745 1
-1 13943 1
-1 13945 1
-1 5760 1
-1 5761 1
-1 5763 1
-1 13959 1
-1 13960 1
-1 13964 1
-1 13966 1
-1 13971 1
-1 5781 1
-1 13976 1
-1 13979 1
-1 13981 1
-1 5796 1
-1 5798 1
-1 10922 1
-1 5803 1
-1 5808 1
-1 14003 1
-1 14006 1
-1 14018 1
-1 5832 1
-1 14028 1
-1 5839 1
-1 5855 1
-1 14048 1
-1 5858 1
-1 14055 1
-1 14059 1
-1 5871 1
-1 14064 1
-1 14066 1
-1 14067 1
-1 5877 1
-1 14071 1
-1 14076 1
-1 14077 1
-1 14081 1
-1 14084 1
-1 5896 1
-1 14088 1
-1 5901 1
-1 14094 1
-1 14095 1
-1 14100 1
-1 14103 1
-1 14112 1
-1 5923 1
-1 14115 1
-1 14117 1
-1 14120 1
-1 14125 1
-1 5936 1
-1 14130 1
-1 14137 1
-1 5961 1
-1 14153 1
-1 14168 1
-1 5985 1
-1 14177 1
-1 14190 1
-1 14202 1
-1 14203 1
-1 6011 1
-1 6015 1
-1 6028 1
-1 14224 1
-1 14228 1
-1 6037 1
-1 14233 1
-1 14238 1
-1 14239 1
-1 6050 1
-1 14247 1
-1 14248 1
-1 6058 1
-1 14251 1
-1 14255 1
-1 6064 1
-1 6070 1
-1 6072 1
-1 14264 1
-1 14271 1
-1 14276 1
-1 14277 1
-1 14278 1
-1 6092 1
-1 14284 1
-1 14290 1
-1 6106 1
-1 6108 1
-1 6113 1
-1 6114 1
-1 6115 1
-1 14311 1
-1 14315 1
-1 6124 1
-1 14320 1
-1 14324 1
-1 14330 1
-1 6141 1
-1 14337 1
-1 6146 1
-1 6147 1
-1 14348 1
-1 14355 1
-1 14364 1
-1 6174 1
-1 14369 1
-1 6178 1
-1 6180 1
-1 14373 1
-1 6183 1
-1 14384 1
-1 14386 1
-1 6195 1
-1 14392 1
-1 14403 1
-1 14406 1
-1 6220 1
-1 14413 1
-1 14414 1
-1 14415 1
-1 14417 1
-1 14418 1
-1 14424 1
-1 14425 1
-1 14431 1
-1 6245 1
-1 6247 1
-1 14442 1
-1 6250 1
-1 14443 1
-1 6254 1
-1 14446 1
-1 6257 1
-1 14456 1
-1 14457 1
-1 6268 1
-1 14461 1
-1 6271 1
-1 14464 1
-1 6274 1
-1 14470 1
-1 14471 1
-1 14473 1
-1 6281 1
-1 14480 1
-1 14495 1
-1 14498 1
-1 6313 1
-1 14520 1
-1 14548 1
-1 6359 1
-1 14551 1
-1 14566 1
-1 14571 1
-1 14581 1
-1 14585 1
-1 14594 1
-1 14605 1
-1 6416 1
-1 14629 1
-1 14630 1
-1 6439 1
-1 14636 1
-1 14639 1
-1 14645 1
-1 14650 1
-1 14653 1
-1 14659 1
-1 14663 1
-1 14669 1
-1 14670 1
-1 14679 1
-1 14684 1
-1 6507 1
-1 14699 1
-1 14711 1
-1 14716 1
-1 14718 1
-1 14724 1
-1 14726 1
-1 14732 1
-1 14742 1
-1 14749 1
-1 14751 1
-1 14752 1
-1 6571 1
-1 14765 1
-1 14768 1
-1 14774 1
-1 14776 1
-1 14790 1
-1 14792 1
-1 14795 1
-1 14803 1
-1 14804 1
-1 14814 1
-1 6641 1
-1 14842 1
-1 6653 1
-1 14850 1
-1 14858 1
-1 14869 1
-1 14870 1
-1 14879 1
-1 14881 1
-1 14910 1
-1 6721 1
-1 14916 1
-1 6726 1
-1 6728 1
-1 14925 1
-1 6739 1
-1 6746 1
-1 14939 1
-1 14945 1
-1 14947 1
-1 6759 1
-1 14952 1
-1 14954 1
-1 6763 1
-1 14958 1
-1 6768 1
-1 14960 1
-1 14968 1
-1 14972 1
-1 6781 1
-1 6789 1
-1 14981 1
-1 6792 1
-1 10690 1
-1 14985 1
-1 14987 1
-1 6801 1
-1 6804 1
-1 6806 1
-1 6807 1
-1 6808 1
-1 6817 1
-1 6818 1
-1 15011 1
-1 6824 1
-1 15020 1
-1 6829 1
-1 6831 1
-1 6832 1
-1 15029 1
-1 15031 1
-1 15038 1
-1 6847 1
-1 15041 1
-1 15043 1
-1 15045 1
-1 6854 1
-1 15046 1
-1 6856 1
-1 15047 1
-1 15051 1
-1 6867 1
-1 6869 1
-1 15062 1
-1 6872 1
-1 15064 1
-1 6876 1
-1 15069 1
-1 15068 1
-1 6880 1
-1 6881 1
-1 6884 1
-1 6886 1
-1 6892 1
-1 6895 1
-1 6896 1
-1 6903 1
-1 12770 1
-1 6909 1
-1 6911 1
-1 15104 1
-1 6912 1
-1 12771 1
-1 6915 1
-1 6914 1
-1 6917 1
-1 15113 1
-1 15114 1
-1 6924 1
-1 15117 1
-1 15120 1
-1 6931 1
-1 6934 1
-1 6935 1
-1 6939 1
-1 15139 1
-1 15141 1
-1 6951 1
-1 6954 1
-1 15149 1
-1 6964 1
-1 6969 1
-1 15164 1
-1 15165 1
-1 6974 1
-1 6977 1
-1 15170 1
-1 15175 1
-1 6984 1
-1 6989 1
-1 15183 1
-1 6991 1
-1 6993 1
-1 15186 1
-1 6992 1
-1 6994 1
-1 15192 1
-1 7002 1
-1 7004 1
-1 7012 1
-1 15204 1
-1 7014 1
-1 15209 1
-1 15210 1
-1 7023 1
-1 7024 1
-1 7025 1
-1 7026 1
-1 15219 1
-1 3025 1
-1 7029 1
-1 7030 1
-1 7032 1
-1 7034 1
-1 15228 1
-1 15235 1
-1 7049 1
-1 15250 1
-1 7063 1
-1 7064 1
-1 7065 1
-1 7070 1
-1 7071 1
-1 15265 1
-1 7074 1
-1 7073 1
-1 15267 1
-1 7078 1
-1 15270 1
-1 3035 1
-1 15274 1
-1 7086 1
-1 7088 1
-1 7089 1
-1 7095 1
-1 7096 1
-1 7098 1
-1 15292 1
-1 15294 1
-1 7103 1
-1 7104 1
-1 7112 1
-1 7114 1
-1 7115 1
-1 15306 1
-1 15310 1
-1 15313 1
-1 7122 1
-1 7121 1
-1 15316 1
-1 15315 1
-1 7125 1
-1 7126 1
-1 7128 1
-1 7129 1
-1 7132 1
-1 15325 1
-1 15324 1
-1 7134 1
-1 7135 1
-1 15331 1
-1 7140 1
-1 7141 1
-1 15334 1
-1 15336 1
-1 15339 1
-1 7149 1
-1 7150 1
-1 7151 1
-1 15341 1
-1 15345 1
-1 7154 1
-1 15344 1
-1 15348 1
-1 15349 1
-1 15352 1
-1 15353 1
-1 7165 1
-1 15361 1
-1 7170 1
-1 15363 1
-1 15362 1
-1 7174 1
-1 15368 1
-1 7178 1
-1 15372 1
-1 15375 1
-1 7194 1
-1 12828 1
-1 7198 1
-1 7205 1
-1 7208 1
-1 15406 1
-1 7215 1
-1 7216 1
-1 15409 1
-1 7218 1
-1 7221 1
-1 15413 1
-1 15415 1
-1 15416 1
-1 15432 1
-1 7244 1
-1 15439 1
-1 7252 1
-1 15447 1
-1 7255 1
-1 7263 1
-1 7267 1
-1 15460 1
-1 7269 1
-1 15461 1
-1 15462 1
-1 15464 1
-1 7273 1
-1 7281 1
-1 15478 1
-1 7287 1
-1 7292 1
-1 7294 1
-1 7300 1
-1 7302 1
-1 15495 1
-1 7306 1
-1 15501 1
-1 7310 1
-1 7312 1
-1 15505 1
-1 7313 1
-1 15509 1
-1 7317 1
-1 7326 1
-1 15519 1
-1 15520 1
-1 11226 1
-1 15522 1
-1 15525 1
-1 15527 1
-1 15528 1
-1 7340 1
-1 7342 1
-1 7344 1
-1 7349 1
-1 7353 1
-1 7354 1
-1 7355 1
-1 7357 1
-1 7359 1
-1 7360 1
-1 15557 1
-1 7368 1
-1 15561 1
-1 7370 1
-1 15563 1
-1 15572 1
-1 15573 1
-1 7382 1
-1 15575 1
-1 7380 1
-1 7385 1
-1 7390 1
-1 7391 1
-1 15584 1
-1 15585 1
-1 7394 1
-1 15589 1
-1 7400 1
-1 7402 1
-1 7403 1
-1 7405 1
-1 7408 1
-1 15607 1
-1 15610 1
-1 15611 1
-1 15612 1
-1 7419 1
-1 7424 1
-1 7432 1
-1 7433 1
-1 15630 1
-1 15634 1
-1 7443 1
-1 15636 1
-1 7447 1
-1 15640 1
-1 15639 1
-1 7451 1
-1 15643 1
-1 7453 1
-1 7454 1
-1 7455 1
-1 15648 1
-1 7456 1
-1 15649 1
-1 15652 1
-1 15653 1
-1 15655 1
-1 7471 1
-1 15663 1
-1 15668 1
-1 7476 1
-1 7478 1
-1 7480 1
-1 15675 1
-1 7487 1
-1 7488 1
-1 15679 1
-1 7490 1
-1 15684 1
-1 15685 1
-1 7495 1
-1 15688 1
-1 15689 1
-1 7497 1
-1 7504 1
-1 7507 1
-1 15700 1
-1 7509 1
-1 15703 1
-1 15704 1
-1 7512 1
-1 15706 1
-1 7517 1
-1 7521 1
-1 15713 1
-1 7527 1
-1 7530 1
-1 7535 1
-1 7536 1
-1 7540 1
-1 7542 1
-1 7544 1
-1 15737 1
-1 15739 1
-1 7549 1
-1 15743 1
-1 7554 1
-1 7556 1
-1 15758 1
-1 15763 1
-1 15764 1
-1 7574 1
-1 7575 1
-1 7578 1
-1 15771 1
-1 15772 1
-1 15773 1
-1 15775 1
-1 7584 1
-1 7586 1
-1 7588 1
-1 15783 1
-1 15786 1
-1 15798 1
-1 15805 1
-1 7613 1
-1 15807 1
-1 7617 1
-1 7619 1
-1 7620 1
-1 7621 1
-1 7623 1
-1 7626 1
-1 15819 1
-1 7634 1
-1 15828 1
-1 7642 1
-1 15837 1
-1 7645 1
-1 15843 1
-1 15852 1
-1 7663 1
-1 7664 1
-1 7667 1
-1 15860 1
-1 7670 1
-1 7678 1
-1 15871 1
-1 15870 1
-1 7681 1
-1 7682 1
-1 15878 1
-1 7687 1
-1 15893 1
-1 7702 1
-1 7703 1
-1 7709 1
-1 7711 1
-1 15904 1
-1 15911 1
-1 7723 1
-1 15916 1
-1 7726 1
-1 7729 1
-1 15927 1
-1 7745 1
-1 7748 1
-1 15942 1
-1 15950 1
-1 7759 1
-1 15952 1
-1 15951 1
-1 15956 1
-1 15966 1
-1 7775 1
-1 15967 1
-1 7780 1
-1 7782 1
-1 15975 1
-1 7783 1
-1 7785 1
-1 15980 1
-1 15981 1
-1 7791 1
-1 15985 1
-1 7794 1
-1 7797 1
-1 15993 1
-1 7803 1
-1 7806 1
-1 16006 1
-1 7816 1
-1 7817 1
-1 7820 1
-1 7822 1
-1 7826 1
-1 7831 1
-1 16026 1
-1 16029 1
-1 16036 1
-1 7851 1
-1 16043 1
-1 16046 1
-1 7856 1
-1 7857 1
-1 16051 1
-1 7861 1
-1 7866 1
-1 7867 1
-1 7868 1
-1 16061 1
-1 7870 1
-1 16065 1
-1 7877 1
-1 16085 1
-1 7898 1
-1 16095 1
-1 16096 1
-1 16097 1
-1 16098 1
-1 7906 1
-1 7912 1
-1 7913 1
-1 7914 1
-1 7917 1
-1 16112 1
-1 7920 1
-1 7925 1
-1 7937 1
-1 7938 1
-1 7939 1
-1 7943 1
-1 16138 1
-1 16139 1
-1 16140 1
-1 7946 1
-1 16145 1
-1 7957 1
-1 16150 1
-1 7961 1
-1 16156 1
-1 16157 1
-1 7966 1
-1 7969 1
-1 7970 1
-1 16168 1
-1 16169 1
-1 7977 1
-1 7986 1
-1 7990 1
-1 7993 1
-1 7996 1
-1 16189 1
-1 8000 1
-1 8002 1
-1 8005 1
-1 16198 1
-1 8007 1
-1 8006 1
-1 8012 1
-1 8013 1
-1 16212 1
-1 8025 1
-1 8031 1
-1 8037 1
-1 16230 1
-1 8039 1
-1 16232 1
-1 8041 1
-1 16234 1
-1 16239 1
-1 8050 1
-1 16242 1
-1 16245 1
-1 8065 1
-1 16259 1
-1 8069 1
-1 16265 1
-1 16277 1
-1 16278 1
-1 8086 1
-1 16280 1
-1 16284 1
-1 16288 1
-1 8097 1
-1 8098 1
-1 8099 1
-1 8100 1
-1 8102 1
-1 8103 1
-1 16298 1
-1 8111 1
-1 8112 1
-1 16304 1
-1 16307 1
-1 16308 1
-1 8119 1
-1 16314 1
-1 8123 1
-1 8122 1
-1 8128 1
-1 8129 1
-1 8130 1
-1 8133 1
-1 8134 1
-1 8135 1
-1 8136 1
-1 8138 1
-1 8140 1
-1 8145 1
-1 8146 1
-1 8148 1
-1 8156 1
-1 16350 1
-1 8158 1
-1 16356 1
-1 8170 1
-1 8171 1
-1 16363 1
-1 16365 1
-1 16367 1
-1 8179 1
-1 8184 1
-1 16379 1
-1 8191 1
