0.17092727101216867 1.0 0.2078537671846616 0.2919519858213164
encidean
new_performance_result[5]
0.6 0.0005518763796909492 0.0005518763796909492 0.0011027384671935306
new_performance_result[10]
0.7 0.0012877115526122149 0.0010869628695235759 0.002570694087403599
new_performance_result[15]
0.8 0.002207505518763797 0.0017919330281361188 0.004402861860209136
new_performance_result[20]
0.85 0.003127299484915379 0.002557471661001449 0.0062316715542522

0.18208973996163885 1.0 0.22300111644180182 0.30808107676756935
cosine
new_performance_result[5]
1.0 0.0008634087376964255 0.0008634087376964255 0.001725327812284334
new_performance_result[10]
1.0 0.001726817475392851 0.001726817475392851 0.0034476814342354768
new_performance_result[15]
0.8 0.002072180970471421 0.002072180970471421 0.004133654839820875
new_performance_result[20]
0.65 0.0022448627180107063 0.00221248489034709 0.0044742729306487695

0.18620884822186587 1.0 0.22919085681792753 0.31395626242544733
person
new_performance_result[5]
1.0 0.0008443093549476528 0.0008443093549476528 0.0016871941960519654
new_performance_result[10]
1.0 0.0016886187098953055 0.0016886187098953055 0.0033715441672285905
new_performance_result[15]
0.8 0.002026342451874367 0.002026342451874367 0.00404244567963618
new_performance_result[20]
0.65 0.002195204322863897 0.0021635427220533603 0.0043756311006395154
