0.0709660436957094 1.0 0.10252288045120236 0.1325271592193875
encidean
new_performance_result[5]
0.6 0.002225519287833828 0.0010633036597428288 0.004434589800443459
new_performance_result[10]
0.5 0.00370919881305638 0.0019508619471527483 0.007363770250368188
new_performance_result[15]
0.4666666666666667 0.0051928783382789315 0.0027549539975356 0.010271460014673514
new_performance_result[20]
0.4 0.005934718100890208 0.003104055062293847 0.011695906432748539
0.21226638589102395 1.0 0.29589063736724464 0.3501975941286316
cosine
new_performance_result[5]
1.0 0.001240079365079365 0.001240079365079365 0.0024770869457517958
new_performance_result[10]
1.0 0.00248015873015873 0.00248015873015873 0.004948045522018802
new_performance_result[15]
1.0 0.003720238095238095 0.003720238095238095 0.007412898443291326
new_performance_result[20]
0.95 0.004712301587301587 0.004673068667037965 0.009378084896347482
0.1782047907344038 1.0 0.2612057748523948 0.3025022341376229
person
new_performance_result[5]
1.0 0.0014771048744460858 0.0014771048744460858 0.0029498525073746312
new_performance_result[10]
1.0 0.0029542097488921715 0.0029542097488921715 0.0058910162002945516
new_performance_result[15]
1.0 0.004431314623338257 0.004431314623338257 0.008823529411764706
new_performance_result[20]
0.95 0.005612998522895126 0.0055662667254053385 0.011160058737151249
